link_id,from_node_id,to_node_id,facility_type,dir_flag,directed_route_id,link_type,link_type_name,length,lanes,capacity,free_speed,cost,VDF_fftt1,VDF_cap1,VDF_alpha1,VDF_beta1,VDF_penalty1,geometry,VDF_allowed_uses1,agency_name,stop_sequence,directed_service_id
1000001,1500013,1500049,metro,1,1.1,1,service_links,9814.569349518277,7,999999,84.11286401529732,0,7,6999993,0.15,4,0,"LINESTRING (-121.780353 37.995415, -121.889011 38.016873)",w_metro_only;w_bus_metro;d_metro_only;d_bus_metro,Bay Area Rapid Transit,0,1.1:0;1;2;3;4;5;6;7;8;9;10;11;12;13;14;15;16;17;18;19;20;21;22;23;24;25;26
1000002,1500049,1500053,metro,1,1.1,1,service_links,4844.346439222662,7,999999,29.063172318104165,0,10,6999993,0.15,4,0,"LINESTRING (-121.889011 38.016873, -121.944248 38.01895)",w_metro_only;w_bus_metro;d_metro_only;d_bus_metro,Bay Area Rapid Transit,1,1.1:0;1;2;3;4;5;6;7;8;9;10;11;12;13;14;15;16;17;18;19;20;21;22;23;24;25;26
1000003,1500053,1500044,metro,1,1.1,1,service_links,7245.330392384027,7,999999,72.44123039,0,6,6999993,0.15,4,0,"LINESTRING (-121.944248 38.01895, -122.024561 38.003407)",w_metro_only;w_bus_metro;d_metro_only;d_bus_metro,Bay Area Rapid Transit,2,1.1:0;1;2;3;4;5;6;7;8;9;10;11;12;13;14;15;16;17;18;19;20;21;22;23;24;25;26
1000004,1500044,1500023,metro,1,1.1,1,service_links,3319.347038453766,7,999999,66.36481916268775,0,3,6999993,0.15,4,0,"LINESTRING (-122.024561 38.003407, -122.029126 37.973773)",w_metro_only;w_bus_metro;d_metro_only;d_bus_metro,Bay Area Rapid Transit,3,1.1:0;1;2;3;4;5;6;7;8;9;10;11;12;13;14;15;16;17;18;19;20;21;22;23;24;25;26
1000005,1500023,1500050,metro,1,1.1,1,service_links,5562.592823566718,7,999999,66.73776632953471,0,5,6999993,0.15,4,0,"LINESTRING (-122.029126 37.973773, -122.056015 37.928463)",w_metro_only;w_bus_metro;d_metro_only;d_bus_metro,Bay Area Rapid Transit,4,1.1:0;1;2;3;4;5;6;7;8;9;10;11;12;13;14;15;16;17;18;19;20;21;22;23;24;25;26
1000006,1500050,1500070,metro,1,1.1,1,service_links,2708.7781495772197,7,999999,54.15751048804837,0,3,6999993,0.15,4,0,"LINESTRING (-122.056015 37.928463, -122.067379 37.905812)",w_metro_only;w_bus_metro;d_metro_only;d_bus_metro,Bay Area Rapid Transit,5,1.1:0;1;2;3;4;5;6;7;8;9;10;11;12;13;14;15;16;17;18;19;20;21;22;23;24;25;26
1000007,1500070,1500035,metro,1,1.1,1,service_links,5216.027279142814,7,999999,62.57981138743628,0,5,6999993,0.15,4,0,"LINESTRING (-122.067379 37.905812, -122.124644 37.89322)",w_metro_only;w_bus_metro;d_metro_only;d_bus_metro,Bay Area Rapid Transit,6,1.1:0;1;2;3;4;5;6;7;8;9;10;11;12;13;14;15;16;17;18;19;20;21;22;23;24;25;26
1000008,1500035,1500046,metro,1,1.1,1,service_links,5436.3392868941455,7,999999,65.22302683736227,0,5,6999993,0.15,4,0,"LINESTRING (-122.124644 37.89322, -122.183717 37.878503)",w_metro_only;w_bus_metro;d_metro_only;d_bus_metro,Bay Area Rapid Transit,7,1.1:0;1;2;3;4;5;6;7;8;9;10;11;12;13;14;15;16;17;18;19;20;21;22;23;24;25;26
1000009,1500046,1500058,metro,1,1.1,1,service_links,7015.594971699901,7,999999,84.17030559927895,0,5,6999993,0.15,4,0,"LINESTRING (-122.183717 37.878503, -122.251271 37.844795)",w_metro_only;w_bus_metro;d_metro_only;d_bus_metro,Bay Area Rapid Transit,8,1.1:0;1;2;3;4;5;6;7;8;9;10;11;12;13;14;15;16;17;18;19;20;21;22;23;24;25;26
1000010,1500058,1500038,metro,1,1.1,1,service_links,2259.5209898272865,7,999999,45.17536134276481,0,3,6999993,0.15,4,0,"LINESTRING (-122.251271 37.844795, -122.267163 37.828814)",w_metro_only;w_bus_metro;d_metro_only;d_bus_metro,Bay Area Rapid Transit,9,1.1:0;1;2;3;4;5;6;7;8;9;10;11;12;13;14;15;16;17;18;19;20;21;22;23;24;25;26
1000011,1500038,1500007,metro,1,1.1,1,service_links,2311.798995894363,7,999999,34.66831785895071,0,4,6999993,0.15,4,0,"LINESTRING (-122.267163 37.828814, -122.268722 37.80806)",w_metro_only;w_bus_metro;d_metro_only;d_bus_metro,Bay Area Rapid Transit,10,1.1:0;1;2;3;4;5;6;7;8;9;10;11;12;13;14;15;16;17;18;19;20;21;22;23;24;25;26
1000012,1500007,1500001,metro,1,1.1,1,service_links,569.0534525773261,7,999999,34.10909805658299,0,1,6999993,0.15,4,0,"LINESTRING (-122.268722 37.80806, -122.271589 37.803471)",w_metro_only;w_bus_metro;d_metro_only;d_bus_metro,Bay Area Rapid Transit,11,1.1:0;1;2;3;4;5;6;7;8;9;10;11;12;13;14;15;16;17;18;19;20;21;22;23;24;25;26
1000013,1500001,1500073,metro,1,1.1,1,service_links,2075.7422970586686,7,999999,24.903926779348154,0,5,6999993,0.15,4,0,"LINESTRING (-122.271589 37.803471, -122.295144 37.804923)",w_metro_only;w_bus_metro;d_metro_only;d_bus_metro,Bay Area Rapid Transit,12,1.1:0;1;2;3;4;5;6;7;8;9;10;11;12;13;14;15;16;17;18;19;20;21;22;23;24;25;26
1000014,1500073,1500029,metro,1,1.1,1,service_links,9057.418976577976,7,999999,77.62393066628746,0,7,6999993,0.15,4,0,"LINESTRING (-122.295144 37.804923, -122.39708 37.792789)",w_metro_only;w_bus_metro;d_metro_only;d_bus_metro,Bay Area Rapid Transit,13,1.1:0;1;2;3;4;5;6;7;8;9;10;11;12;13;14;15;16;17;18;19;20;21;22;23;24;25;26
1000015,1500029,1500041,metro,1,1.1,1,service_links,564.6328100615432,7,999999,33.84412447921338,0,1,6999993,0.15,4,0,"LINESTRING (-122.39708 37.792789, -122.401642 37.789213)",w_metro_only;w_bus_metro;d_metro_only;d_bus_metro,Bay Area Rapid Transit,14,1.1:0;1;2;3;4;5;6;7;8;9;10;11;12;13;14;15;16;17;18;19;20;21;22;23;24;25;26
1000016,1500041,1500055,metro,1,1.1,1,service_links,716.1543495997415,7,999999,21.47389354122164,0,2,6999993,0.15,4,0,"LINESTRING (-122.401642 37.789213, -122.407387 37.784645)",w_metro_only;w_bus_metro;d_metro_only;d_bus_metro,Bay Area Rapid Transit,15,1.1:0;1;2;3;4;5;6;7;8;9;10;11;12;13;14;15;16;17;18;19;20;21;22;23;24;25;26
1000017,1500055,1500017,metro,1,1.1,1,service_links,811.9095115232317,7,999999,24.345112789302302,0,2,6999993,0.15,4,0,"LINESTRING (-122.407387 37.784645, -122.413879 37.77945)",w_metro_only;w_bus_metro;d_metro_only;d_bus_metro,Bay Area Rapid Transit,16,1.1:0;1;2;3;4;5;6;7;8;9;10;11;12;13;14;15;16;17;18;19;20;21;22;23;24;25;26
1000018,1500017,1500004,metro,1,1.1,1,service_links,1669.1103973379654,7,999999,50.048287776250845,0,2,6999993,0.15,4,0,"LINESTRING (-122.413879 37.77945, -122.419755 37.765176)",w_metro_only;w_bus_metro;d_metro_only;d_bus_metro,Bay Area Rapid Transit,17,1.1:0;1;2;3;4;5;6;7;8;9;10;11;12;13;14;15;16;17;18;19;20;21;22;23;24;25;26
1000019,1500004,1500010,metro,1,1.1,1,service_links,1422.3432218770677,7,999999,42.64897217022692,0,2,6999993,0.15,4,0,"LINESTRING (-122.419755 37.765176, -122.418518 37.752422)",w_metro_only;w_bus_metro;d_metro_only;d_bus_metro,Bay Area Rapid Transit,18,1.1:0;1;2;3;4;5;6;7;8;9;10;11;12;13;14;15;16;17;18;19;20;21;22;23;24;25;26
1000020,1500010,1500032,metro,1,1.1,1,service_links,2506.859769713857,7,999999,50.120488564755554,0,3,6999993,0.15,4,0,"LINESTRING (-122.418518 37.752422, -122.433557 37.733269)",w_metro_only;w_bus_metro;d_metro_only;d_bus_metro,Bay Area Rapid Transit,19,1.1:0;1;2;3;4;5;6;7;8;9;10;11;12;13;14;15;16;17;18;19;20;21;22;23;24;25;26
1000021,1500032,1500014,metro,1,1.1,1,service_links,1773.1772010193392,7,999999,53.16873166,0,2,6999993,0.15,4,0,"LINESTRING (-122.433557 37.733269, -122.44751 37.721758)",w_metro_only;w_bus_metro;d_metro_only;d_bus_metro,Bay Area Rapid Transit,20,1.1:0;1;2;3;4;5;6;7;8;9;10;11;12;13;14;15;16;17;18;19;20;21;22;23;24;25;26
1000022,1500014,1500026,metro,1,1.1,1,service_links,2554.2680021472734,7,999999,38.304443921228795,0,4,6999993,0.15,4,0,"LINESTRING (-122.44751 37.721758, -122.468994 37.706304)",w_metro_only;w_bus_metro;d_metro_only;d_bus_metro,Bay Area Rapid Transit,21,1.1:0;1;2;3;4;5;6;7;8;9;10;11;12;13;14;15;16;17;18;19;20;21;22;23;24;25;26
1000023,1500026,1500020,metro,1,1.1,1,service_links,2421.5132367975716,7,999999,29.052348371896482,0,5,6999993,0.15,4,0,"LINESTRING (-122.468994 37.706304, -122.466167 37.684642)",w_metro_only;w_bus_metro;d_metro_only;d_bus_metro,Bay Area Rapid Transit,22,1.1:0;1;2;3;4;5;6;7;8;9;10;11;12;13;14;15;16;17;18;19;20;21;22;23;24;25;26
1000024,1500020,1500067,metro,1,1.1,1,service_links,2960.9134488643426,7,999999,59.198536131909556,0,3,6999993,0.15,4,0,"LINESTRING (-122.466167 37.684642, -122.444254 37.664437)",w_metro_only;w_bus_metro;d_metro_only;d_bus_metro,Bay Area Rapid Transit,23,1.1:0;1;2;3;4;5;6;7;8;9;10;11;12;13;14;15;16;17;18;19;20;21;22;23;24;25;26
1000025,1500067,1500061,metro,1,1.1,1,service_links,3853.0348931829685,7,999999,77.03501952381811,0,3,6999993,0.15,4,0,"LINESTRING (-122.444254 37.664437, -122.416384 37.63772)",w_metro_only;w_bus_metro;d_metro_only;d_bus_metro,Bay Area Rapid Transit,24,1.1:0;1;2;3;4;5;6;7;8;9;10;11;12;13;14;15;16;17;18;19;20;21;22;23;24;25;26
1000026,1500061,1500064,metro,1,1.1,1,service_links,3236.0211520397647,7,999999,38.824488926691835,0,5,6999993,0.15,4,0,"LINESTRING (-122.416384 37.63772, -122.391895 37.616023)",w_metro_only;w_bus_metro;d_metro_only;d_bus_metro,Bay Area Rapid Transit,25,1.1:0;1;2;3;4;5;6;7;8;9;10;11;12;13;14;15;16;17;18;19;20;21;22;23;24;25;26
1000027,1500054,1500045,metro,1,1.1,1,service_links,7245.330392384027,3,999999,72.44123039,0,6,2999997,0.15,4,0,"LINESTRING (-121.944248 38.01895, -122.024561 38.003407)",w_metro_only;w_bus_metro;d_metro_only;d_bus_metro,Bay Area Rapid Transit,0,1.1:0;1;2;4;5;6;7;8;9;10;11;12;13;14;15;16;17;18;19;20;21;22;23;24;25
1000028,1500045,1500024,metro,1,1.1,1,service_links,3319.347038453766,3,999999,66.36481916268775,0,3,2999997,0.15,4,0,"LINESTRING (-122.024561 38.003407, -122.029126 37.973773)",w_metro_only;w_bus_metro;d_metro_only;d_bus_metro,Bay Area Rapid Transit,1,1.1:0;1;2;4;5;6;7;8;9;10;11;12;13;14;15;16;17;18;19;20;21;22;23;24;25
1000029,1500024,1500051,metro,1,1.1,1,service_links,5562.592823566718,3,999999,66.73776632953471,0,5,2999997,0.15,4,0,"LINESTRING (-122.029126 37.973773, -122.056015 37.928463)",w_metro_only;w_bus_metro;d_metro_only;d_bus_metro,Bay Area Rapid Transit,2,1.1:0;1;2;4;5;6;7;8;9;10;11;12;13;14;15;16;17;18;19;20;21;22;23;24;25
1000030,1500051,1500071,metro,1,1.1,1,service_links,2708.7781495772197,3,999999,54.15751048804837,0,3,2999997,0.15,4,0,"LINESTRING (-122.056015 37.928463, -122.067379 37.905812)",w_metro_only;w_bus_metro;d_metro_only;d_bus_metro,Bay Area Rapid Transit,4,1.1:0;1;2;4;5;6;7;8;9;10;11;12;13;14;15;16;17;18;19;20;21;22;23;24;25
1000031,1500071,1500036,metro,1,1.1,1,service_links,5216.027279142814,3,999999,62.57981138743628,0,5,2999997,0.15,4,0,"LINESTRING (-122.067379 37.905812, -122.124644 37.89322)",w_metro_only;w_bus_metro;d_metro_only;d_bus_metro,Bay Area Rapid Transit,5,1.1:0;1;2;4;5;6;7;8;9;10;11;12;13;14;15;16;17;18;19;20;21;22;23;24;25
1000032,1500036,1500047,metro,1,1.1,1,service_links,5436.3392868941455,3,999999,81.52470812638057,0,4,2999997,0.15,4,0,"LINESTRING (-122.124644 37.89322, -122.183717 37.878503)",w_metro_only;w_bus_metro;d_metro_only;d_bus_metro,Bay Area Rapid Transit,6,1.1:0;1;2;4;5;6;7;8;9;10;11;12;13;14;15;16;17;18;19;20;21;22;23;24;25
1000033,1500047,1500059,metro,1,1.1,1,service_links,7015.594971699901,3,999999,70.14425900716448,0,6,2999997,0.15,4,0,"LINESTRING (-122.183717 37.878503, -122.251271 37.844795)",w_metro_only;w_bus_metro;d_metro_only;d_bus_metro,Bay Area Rapid Transit,7,1.1:0;1;2;4;5;6;7;8;9;10;11;12;13;14;15;16;17;18;19;20;21;22;23;24;25
1000034,1500059,1500039,metro,1,1.1,1,service_links,2259.5209898272865,3,999999,45.17536134276481,0,3,2999997,0.15,4,0,"LINESTRING (-122.251271 37.844795, -122.267163 37.828814)",w_metro_only;w_bus_metro;d_metro_only;d_bus_metro,Bay Area Rapid Transit,8,1.1:0;1;2;4;5;6;7;8;9;10;11;12;13;14;15;16;17;18;19;20;21;22;23;24;25
1000035,1500039,1500008,metro,1,1.1,1,service_links,2311.798995894363,3,999999,34.66831785895071,0,4,2999997,0.15,4,0,"LINESTRING (-122.267163 37.828814, -122.268722 37.80806)",w_metro_only;w_bus_metro;d_metro_only;d_bus_metro,Bay Area Rapid Transit,9,1.1:0;1;2;4;5;6;7;8;9;10;11;12;13;14;15;16;17;18;19;20;21;22;23;24;25
1000036,1500008,1500002,metro,1,1.1,1,service_links,569.0534525773261,3,999999,34.10909805658299,0,1,2999997,0.15,4,0,"LINESTRING (-122.268722 37.80806, -122.271589 37.803471)",w_metro_only;w_bus_metro;d_metro_only;d_bus_metro,Bay Area Rapid Transit,10,1.1:0;1;2;4;5;6;7;8;9;10;11;12;13;14;15;16;17;18;19;20;21;22;23;24;25
1000037,1500002,1500074,metro,1,1.1,1,service_links,2075.7422970586686,3,999999,24.903926779348154,0,5,2999997,0.15,4,0,"LINESTRING (-122.271589 37.803471, -122.295144 37.804923)",w_metro_only;w_bus_metro;d_metro_only;d_bus_metro,Bay Area Rapid Transit,11,1.1:0;1;2;4;5;6;7;8;9;10;11;12;13;14;15;16;17;18;19;20;21;22;23;24;25
1000038,1500074,1500030,metro,1,1.1,1,service_links,9057.418976577976,3,999999,77.62393066628746,0,7,2999997,0.15,4,0,"LINESTRING (-122.295144 37.804923, -122.39708 37.792789)",w_metro_only;w_bus_metro;d_metro_only;d_bus_metro,Bay Area Rapid Transit,12,1.1:0;1;2;4;5;6;7;8;9;10;11;12;13;14;15;16;17;18;19;20;21;22;23;24;25
1000039,1500030,1500042,metro,1,1.1,1,service_links,564.6328100615432,3,999999,33.84412447921338,0,1,2999997,0.15,4,0,"LINESTRING (-122.39708 37.792789, -122.401642 37.789213)",w_metro_only;w_bus_metro;d_metro_only;d_bus_metro,Bay Area Rapid Transit,13,1.1:0;1;2;4;5;6;7;8;9;10;11;12;13;14;15;16;17;18;19;20;21;22;23;24;25
1000040,1500042,1500056,metro,1,1.1,1,service_links,716.1543495997415,3,999999,21.47389354122164,0,2,2999997,0.15,4,0,"LINESTRING (-122.401642 37.789213, -122.407387 37.784645)",w_metro_only;w_bus_metro;d_metro_only;d_bus_metro,Bay Area Rapid Transit,14,1.1:0;1;2;4;5;6;7;8;9;10;11;12;13;14;15;16;17;18;19;20;21;22;23;24;25
1000041,1500056,1500018,metro,1,1.1,1,service_links,811.9095115232317,3,999999,24.345112789302302,0,2,2999997,0.15,4,0,"LINESTRING (-122.407387 37.784645, -122.413879 37.77945)",w_metro_only;w_bus_metro;d_metro_only;d_bus_metro,Bay Area Rapid Transit,15,1.1:0;1;2;4;5;6;7;8;9;10;11;12;13;14;15;16;17;18;19;20;21;22;23;24;25
1000042,1500018,1500005,metro,1,1.1,1,service_links,1669.1103973379654,3,999999,50.048287776250845,0,2,2999997,0.15,4,0,"LINESTRING (-122.413879 37.77945, -122.419755 37.765176)",w_metro_only;w_bus_metro;d_metro_only;d_bus_metro,Bay Area Rapid Transit,16,1.1:0;1;2;4;5;6;7;8;9;10;11;12;13;14;15;16;17;18;19;20;21;22;23;24;25
1000043,1500005,1500011,metro,1,1.1,1,service_links,1422.3432218770677,3,999999,42.64897217022692,0,2,2999997,0.15,4,0,"LINESTRING (-122.419755 37.765176, -122.418518 37.752422)",w_metro_only;w_bus_metro;d_metro_only;d_bus_metro,Bay Area Rapid Transit,17,1.1:0;1;2;4;5;6;7;8;9;10;11;12;13;14;15;16;17;18;19;20;21;22;23;24;25
1000044,1500011,1500033,metro,1,1.1,1,service_links,2506.859769713857,3,999999,50.120488564755554,0,3,2999997,0.15,4,0,"LINESTRING (-122.418518 37.752422, -122.433557 37.733269)",w_metro_only;w_bus_metro;d_metro_only;d_bus_metro,Bay Area Rapid Transit,18,1.1:0;1;2;4;5;6;7;8;9;10;11;12;13;14;15;16;17;18;19;20;21;22;23;24;25
1000045,1500033,1500015,metro,1,1.1,1,service_links,1773.1772010193392,3,999999,53.16873166,0,2,2999997,0.15,4,0,"LINESTRING (-122.433557 37.733269, -122.44751 37.721758)",w_metro_only;w_bus_metro;d_metro_only;d_bus_metro,Bay Area Rapid Transit,19,1.1:0;1;2;4;5;6;7;8;9;10;11;12;13;14;15;16;17;18;19;20;21;22;23;24;25
1000046,1500015,1500027,metro,1,1.1,1,service_links,2554.2680021472734,3,999999,38.304443921228795,0,4,2999997,0.15,4,0,"LINESTRING (-122.44751 37.721758, -122.468994 37.706304)",w_metro_only;w_bus_metro;d_metro_only;d_bus_metro,Bay Area Rapid Transit,20,1.1:0;1;2;4;5;6;7;8;9;10;11;12;13;14;15;16;17;18;19;20;21;22;23;24;25
1000047,1500027,1500021,metro,1,1.1,1,service_links,2421.5132367975716,3,999999,29.052348371896482,0,5,2999997,0.15,4,0,"LINESTRING (-122.468994 37.706304, -122.466167 37.684642)",w_metro_only;w_bus_metro;d_metro_only;d_bus_metro,Bay Area Rapid Transit,21,1.1:0;1;2;4;5;6;7;8;9;10;11;12;13;14;15;16;17;18;19;20;21;22;23;24;25
1000048,1500021,1500068,metro,1,1.1,1,service_links,2960.9134488643426,3,999999,59.198536131909556,0,3,2999997,0.15,4,0,"LINESTRING (-122.466167 37.684642, -122.444254 37.664437)",w_metro_only;w_bus_metro;d_metro_only;d_bus_metro,Bay Area Rapid Transit,22,1.1:0;1;2;4;5;6;7;8;9;10;11;12;13;14;15;16;17;18;19;20;21;22;23;24;25
1000049,1500068,1500062,metro,1,1.1,1,service_links,3853.0348931829685,3,999999,77.03501952381811,0,3,2999997,0.15,4,0,"LINESTRING (-122.444254 37.664437, -122.416384 37.63772)",w_metro_only;w_bus_metro;d_metro_only;d_bus_metro,Bay Area Rapid Transit,23,1.1:0;1;2;4;5;6;7;8;9;10;11;12;13;14;15;16;17;18;19;20;21;22;23;24;25
1000050,1500062,1500065,metro,1,1.1,1,service_links,3236.0211520397647,3,999999,38.824488926691835,0,5,2999997,0.15,4,0,"LINESTRING (-122.416384 37.63772, -122.391895 37.616023)",w_metro_only;w_bus_metro;d_metro_only;d_bus_metro,Bay Area Rapid Transit,24,1.1:0;1;2;4;5;6;7;8;9;10;11;12;13;14;15;16;17;18;19;20;21;22;23;24;25
1000051,1500025,1500052,metro,1,1.1,1,service_links,5562.592823566718,2,999999,66.73776632953471,0,5,1999998,0.15,4,0,"LINESTRING (-122.029126 37.973773, -122.056015 37.928463)",w_metro_only;w_bus_metro;d_metro_only;d_bus_metro,Bay Area Rapid Transit,0,1.1:0;2;3;4;5;6;7;8;9;10;11;12;13;14;15;16;17;18;19;20;21;22;23
1000052,1500052,1500072,metro,1,1.1,1,service_links,2708.7781495772197,2,999999,54.15751048804837,0,3,1999998,0.15,4,0,"LINESTRING (-122.056015 37.928463, -122.067379 37.905812)",w_metro_only;w_bus_metro;d_metro_only;d_bus_metro,Bay Area Rapid Transit,2,1.1:0;2;3;4;5;6;7;8;9;10;11;12;13;14;15;16;17;18;19;20;21;22;23
1000053,1500072,1500037,metro,1,1.1,1,service_links,5216.027279142814,2,999999,62.57981138743628,0,5,1999998,0.15,4,0,"LINESTRING (-122.067379 37.905812, -122.124644 37.89322)",w_metro_only;w_bus_metro;d_metro_only;d_bus_metro,Bay Area Rapid Transit,3,1.1:0;2;3;4;5;6;7;8;9;10;11;12;13;14;15;16;17;18;19;20;21;22;23
1000054,1500037,1500048,metro,1,1.1,1,service_links,5436.3392868941455,2,999999,65.22302683736227,0,5,1999998,0.15,4,0,"LINESTRING (-122.124644 37.89322, -122.183717 37.878503)",w_metro_only;w_bus_metro;d_metro_only;d_bus_metro,Bay Area Rapid Transit,4,1.1:0;2;3;4;5;6;7;8;9;10;11;12;13;14;15;16;17;18;19;20;21;22;23
1000055,1500048,1500060,metro,1,1.1,1,service_links,7015.594971699901,2,999999,84.17030559927895,0,5,1999998,0.15,4,0,"LINESTRING (-122.183717 37.878503, -122.251271 37.844795)",w_metro_only;w_bus_metro;d_metro_only;d_bus_metro,Bay Area Rapid Transit,5,1.1:0;2;3;4;5;6;7;8;9;10;11;12;13;14;15;16;17;18;19;20;21;22;23
1000056,1500060,1500040,metro,1,1.1,1,service_links,2259.5209898272865,2,999999,45.17536134276481,0,3,1999998,0.15,4,0,"LINESTRING (-122.251271 37.844795, -122.267163 37.828814)",w_metro_only;w_bus_metro;d_metro_only;d_bus_metro,Bay Area Rapid Transit,6,1.1:0;2;3;4;5;6;7;8;9;10;11;12;13;14;15;16;17;18;19;20;21;22;23
1000057,1500040,1500009,metro,1,1.1,1,service_links,2311.798995894363,2,999999,34.66831785895071,0,4,1999998,0.15,4,0,"LINESTRING (-122.267163 37.828814, -122.268722 37.80806)",w_metro_only;w_bus_metro;d_metro_only;d_bus_metro,Bay Area Rapid Transit,7,1.1:0;2;3;4;5;6;7;8;9;10;11;12;13;14;15;16;17;18;19;20;21;22;23
1000058,1500009,1500003,metro,1,1.1,1,service_links,569.0534525773261,2,999999,34.10909805658299,0,1,1999998,0.15,4,0,"LINESTRING (-122.268722 37.80806, -122.271589 37.803471)",w_metro_only;w_bus_metro;d_metro_only;d_bus_metro,Bay Area Rapid Transit,8,1.1:0;2;3;4;5;6;7;8;9;10;11;12;13;14;15;16;17;18;19;20;21;22;23
1000059,1500003,1500075,metro,1,1.1,1,service_links,2075.7422970586686,2,999999,24.903926779348154,0,5,1999998,0.15,4,0,"LINESTRING (-122.271589 37.803471, -122.295144 37.804923)",w_metro_only;w_bus_metro;d_metro_only;d_bus_metro,Bay Area Rapid Transit,9,1.1:0;2;3;4;5;6;7;8;9;10;11;12;13;14;15;16;17;18;19;20;21;22;23
1000060,1500075,1500031,metro,1,1.1,1,service_links,9057.418976577976,2,999999,77.62393066628746,0,7,1999998,0.15,4,0,"LINESTRING (-122.295144 37.804923, -122.39708 37.792789)",w_metro_only;w_bus_metro;d_metro_only;d_bus_metro,Bay Area Rapid Transit,10,1.1:0;2;3;4;5;6;7;8;9;10;11;12;13;14;15;16;17;18;19;20;21;22;23
1000061,1500031,1500043,metro,1,1.1,1,service_links,564.6328100615432,2,999999,33.84412447921338,0,1,1999998,0.15,4,0,"LINESTRING (-122.39708 37.792789, -122.401642 37.789213)",w_metro_only;w_bus_metro;d_metro_only;d_bus_metro,Bay Area Rapid Transit,11,1.1:0;2;3;4;5;6;7;8;9;10;11;12;13;14;15;16;17;18;19;20;21;22;23
1000062,1500043,1500057,metro,1,1.1,1,service_links,716.1543495997415,2,999999,21.47389354122164,0,2,1999998,0.15,4,0,"LINESTRING (-122.401642 37.789213, -122.407387 37.784645)",w_metro_only;w_bus_metro;d_metro_only;d_bus_metro,Bay Area Rapid Transit,12,1.1:0;2;3;4;5;6;7;8;9;10;11;12;13;14;15;16;17;18;19;20;21;22;23
1000063,1500057,1500019,metro,1,1.1,1,service_links,811.9095115232317,2,999999,24.345112789302302,0,2,1999998,0.15,4,0,"LINESTRING (-122.407387 37.784645, -122.413879 37.77945)",w_metro_only;w_bus_metro;d_metro_only;d_bus_metro,Bay Area Rapid Transit,13,1.1:0;2;3;4;5;6;7;8;9;10;11;12;13;14;15;16;17;18;19;20;21;22;23
1000064,1500019,1500006,metro,1,1.1,1,service_links,1669.1103973379654,2,999999,50.048287776250845,0,2,1999998,0.15,4,0,"LINESTRING (-122.413879 37.77945, -122.419755 37.765176)",w_metro_only;w_bus_metro;d_metro_only;d_bus_metro,Bay Area Rapid Transit,14,1.1:0;2;3;4;5;6;7;8;9;10;11;12;13;14;15;16;17;18;19;20;21;22;23
1000065,1500006,1500012,metro,1,1.1,1,service_links,1422.3432218770677,2,999999,42.64897217022692,0,2,1999998,0.15,4,0,"LINESTRING (-122.419755 37.765176, -122.418518 37.752422)",w_metro_only;w_bus_metro;d_metro_only;d_bus_metro,Bay Area Rapid Transit,15,1.1:0;2;3;4;5;6;7;8;9;10;11;12;13;14;15;16;17;18;19;20;21;22;23
1000066,1500012,1500034,metro,1,1.1,1,service_links,2506.859769713857,2,999999,50.120488564755554,0,3,1999998,0.15,4,0,"LINESTRING (-122.418518 37.752422, -122.433557 37.733269)",w_metro_only;w_bus_metro;d_metro_only;d_bus_metro,Bay Area Rapid Transit,16,1.1:0;2;3;4;5;6;7;8;9;10;11;12;13;14;15;16;17;18;19;20;21;22;23
1000067,1500034,1500016,metro,1,1.1,1,service_links,1773.1772010193392,2,999999,53.16873166,0,2,1999998,0.15,4,0,"LINESTRING (-122.433557 37.733269, -122.44751 37.721758)",w_metro_only;w_bus_metro;d_metro_only;d_bus_metro,Bay Area Rapid Transit,17,1.1:0;2;3;4;5;6;7;8;9;10;11;12;13;14;15;16;17;18;19;20;21;22;23
1000068,1500016,1500028,metro,1,1.1,1,service_links,2554.2680021472734,2,999999,38.304443921228795,0,4,1999998,0.15,4,0,"LINESTRING (-122.44751 37.721758, -122.468994 37.706304)",w_metro_only;w_bus_metro;d_metro_only;d_bus_metro,Bay Area Rapid Transit,18,1.1:0;2;3;4;5;6;7;8;9;10;11;12;13;14;15;16;17;18;19;20;21;22;23
1000069,1500028,1500022,metro,1,1.1,1,service_links,2421.5132367975716,2,999999,29.052348371896482,0,5,1999998,0.15,4,0,"LINESTRING (-122.468994 37.706304, -122.466167 37.684642)",w_metro_only;w_bus_metro;d_metro_only;d_bus_metro,Bay Area Rapid Transit,19,1.1:0;2;3;4;5;6;7;8;9;10;11;12;13;14;15;16;17;18;19;20;21;22;23
1000070,1500022,1500069,metro,1,1.1,1,service_links,2960.9134488643426,2,999999,59.198536131909556,0,3,1999998,0.15,4,0,"LINESTRING (-122.466167 37.684642, -122.444254 37.664437)",w_metro_only;w_bus_metro;d_metro_only;d_bus_metro,Bay Area Rapid Transit,20,1.1:0;2;3;4;5;6;7;8;9;10;11;12;13;14;15;16;17;18;19;20;21;22;23
1000071,1500069,1500063,metro,1,1.1,1,service_links,3853.0348931829685,2,999999,77.03501952381811,0,3,1999998,0.15,4,0,"LINESTRING (-122.444254 37.664437, -122.416384 37.63772)",w_metro_only;w_bus_metro;d_metro_only;d_bus_metro,Bay Area Rapid Transit,21,1.1:0;2;3;4;5;6;7;8;9;10;11;12;13;14;15;16;17;18;19;20;21;22;23
1000072,1500063,1500066,metro,1,1.1,1,service_links,3236.0211520397647,2,999999,38.824488926691835,0,5,1999998,0.15,4,0,"LINESTRING (-122.416384 37.63772, -122.391895 37.616023)",w_metro_only;w_bus_metro;d_metro_only;d_bus_metro,Bay Area Rapid Transit,22,1.1:0;2;3;4;5;6;7;8;9;10;11;12;13;14;15;16;17;18;19;20;21;22;23
1000073,1500084,1500092,metro,1,11.1,1,service_links,2565.597099925757,8,999999,51.29484371727605,0,3,7999992,0.15,4,0,"LINESTRING (-121.899242 37.701692, -121.928301 37.69976)",w_metro_only;w_bus_metro;d_metro_only;d_bus_metro,Bay Area Rapid Transit,0,11.1:0;1;2;3;4;5;6;7;8;9;10;11;12;13;14;15;16;17
1000074,1500092,1500080,metro,1,11.1,1,service_links,12999.957608712246,8,999999,77.99194646,0,10,7999992,0.15,4,0,"LINESTRING (-121.928301 37.69976, -122.075615 37.690776)",w_metro_only;w_bus_metro;d_metro_only;d_bus_metro,Bay Area Rapid Transit,1,11.1:0;1;2;3;4;5;6;7;8;9;10;11;12;13;14;15;16;17
1000075,1500080,1500079,metro,1,11.1,1,service_links,4523.359988222188,8,999999,67.83344146296707,0,4,7999992,0.15,4,0,"LINESTRING (-122.075615 37.690776, -122.126431 37.696938)",w_metro_only;w_bus_metro;d_metro_only;d_bus_metro,Bay Area Rapid Transit,2,11.1:0;1;2;3;4;5;6;7;8;9;10;11;12;13;14;15;16;17
1000076,1500079,1500091,metro,1,11.1,1,service_links,4091.583584278221,8,999999,61.35841416063316,0,4,7999992,0.15,4,0,"LINESTRING (-122.126431 37.696938, -122.160713 37.721806)",w_metro_only;w_bus_metro;d_metro_only;d_bus_metro,Bay Area Rapid Transit,3,11.1:0;1;2;3;4;5;6;7;8;9;10;11;12;13;14;15;16;17
1000077,1500091,1500082,metro,1,11.1,1,service_links,4744.979404433252,8,999999,71.15690184103852,0,4,7999992,0.15,4,0,"LINESTRING (-122.160713 37.721806, -122.196698 37.753604)",w_metro_only;w_bus_metro;d_metro_only;d_bus_metro,Bay Area Rapid Transit,4,11.1:0;1;2;3;4;5;6;7;8;9;10;11;12;13;14;15;16;17
1000078,1500082,1500086,metro,1,11.1,1,service_links,3373.618681288019,8,999999,50.59163231124248,0,4,7999992,0.15,4,0,"LINESTRING (-122.196698 37.753604, -122.224067 37.774873)",w_metro_only;w_bus_metro;d_metro_only;d_bus_metro,Bay Area Rapid Transit,5,11.1:0;1;2;3;4;5;6;7;8;9;10;11;12;13;14;15;16;17
1000079,1500086,1500088,metro,1,11.1,1,service_links,4397.3568171110965,8,999999,65.94386629009392,0,4,7999992,0.15,4,0,"LINESTRING (-122.224067 37.774873, -122.265232 37.797357)",w_metro_only;w_bus_metro;d_metro_only;d_bus_metro,Bay Area Rapid Transit,6,11.1:0;1;2;3;4;5;6;7;8;9;10;11;12;13;14;15;16;17
1000080,1500088,1500093,metro,1,11.1,1,service_links,2759.4401680673614,8,999999,33.106660684671404,0,5,7999992,0.15,4,0,"LINESTRING (-122.265232 37.797357, -122.295144 37.804923)",w_metro_only;w_bus_metro;d_metro_only;d_bus_metro,Bay Area Rapid Transit,7,11.1:0;1;2;3;4;5;6;7;8;9;10;11;12;13;14;15;16;17
1000081,1500093,1500085,metro,1,11.1,1,service_links,9057.418976577976,8,999999,77.62393066628746,0,7,7999992,0.15,4,0,"LINESTRING (-122.295144 37.804923, -122.39708 37.792789)",w_metro_only;w_bus_metro;d_metro_only;d_bus_metro,Bay Area Rapid Transit,8,11.1:0;1;2;3;4;5;6;7;8;9;10;11;12;13;14;15;16;17
1000082,1500085,1500089,metro,1,11.1,1,service_links,564.6328100615432,8,999999,16.930519042325134,0,2,7999992,0.15,4,0,"LINESTRING (-122.39708 37.792789, -122.401642 37.789213)",w_metro_only;w_bus_metro;d_metro_only;d_bus_metro,Bay Area Rapid Transit,9,11.1:0;1;2;3;4;5;6;7;8;9;10;11;12;13;14;15;16;17
1000083,1500089,1500090,metro,1,11.1,1,service_links,716.1543495997415,8,999999,21.47389354122164,0,2,7999992,0.15,4,0,"LINESTRING (-122.401642 37.789213, -122.407387 37.784645)",w_metro_only;w_bus_metro;d_metro_only;d_bus_metro,Bay Area Rapid Transit,10,11.1:0;1;2;3;4;5;6;7;8;9;10;11;12;13;14;15;16;17
1000084,1500090,1500081,metro,1,11.1,1,service_links,811.9095115232317,8,999999,48.66590479,0,1,7999992,0.15,4,0,"LINESTRING (-122.407387 37.784645, -122.413879 37.77945)",w_metro_only;w_bus_metro;d_metro_only;d_bus_metro,Bay Area Rapid Transit,11,11.1:0;1;2;3;4;5;6;7;8;9;10;11;12;13;14;15;16;17
1000085,1500081,1500076,metro,1,11.1,1,service_links,1669.1103973379654,8,999999,33.37108425200864,0,3,7999992,0.15,4,0,"LINESTRING (-122.413879 37.77945, -122.419755 37.765176)",w_metro_only;w_bus_metro;d_metro_only;d_bus_metro,Bay Area Rapid Transit,12,11.1:0;1;2;3;4;5;6;7;8;9;10;11;12;13;14;15;16;17
1000086,1500076,1500077,metro,1,11.1,1,service_links,1422.3432218770677,8,999999,42.64897217022692,0,2,7999992,0.15,4,0,"LINESTRING (-122.419755 37.765176, -122.418518 37.752422)",w_metro_only;w_bus_metro;d_metro_only;d_bus_metro,Bay Area Rapid Transit,13,11.1:0;1;2;3;4;5;6;7;8;9;10;11;12;13;14;15;16;17
1000087,1500077,1500087,metro,1,11.1,1,service_links,2506.859769713857,8,999999,50.120488564755554,0,3,7999992,0.15,4,0,"LINESTRING (-122.418518 37.752422, -122.433557 37.733269)",w_metro_only;w_bus_metro;d_metro_only;d_bus_metro,Bay Area Rapid Transit,14,11.1:0;1;2;3;4;5;6;7;8;9;10;11;12;13;14;15;16;17
1000088,1500087,1500078,metro,1,11.1,1,service_links,1773.1772010193392,8,999999,53.16873166,0,2,7999992,0.15,4,0,"LINESTRING (-122.433557 37.733269, -122.44751 37.721758)",w_metro_only;w_bus_metro;d_metro_only;d_bus_metro,Bay Area Rapid Transit,15,11.1:0;1;2;3;4;5;6;7;8;9;10;11;12;13;14;15;16;17
1000089,1500078,1500083,metro,1,11.1,1,service_links,2554.2680021472734,8,999999,38.304443921228795,0,4,7999992,0.15,4,0,"LINESTRING (-122.44751 37.721758, -122.468994 37.706304)",w_metro_only;w_bus_metro;d_metro_only;d_bus_metro,Bay Area Rapid Transit,16,11.1:0;1;2;3;4;5;6;7;8;9;10;11;12;13;14;15;16;17
1000090,1500101,1500096,metro,1,12.2,1,service_links,2554.2680021472734,6,999999,51.06833726385752,0,3,5999994,0.15,4,0,"LINESTRING (-122.468994 37.706304, -122.44751 37.721758)",w_metro_only;w_bus_metro;d_metro_only;d_bus_metro,Bay Area Rapid Transit,0,12.2:0;1;2;3;4;5;6;7;8;9;10;11;12;13;14;15;16;17
1000091,1500096,1500105,metro,1,12.2,1,service_links,1773.1772010193392,6,999999,35.45172677812741,0,3,5999994,0.15,4,0,"LINESTRING (-122.44751 37.721758, -122.433557 37.733269)",w_metro_only;w_bus_metro;d_metro_only;d_bus_metro,Bay Area Rapid Transit,1,12.2:0;1;2;3;4;5;6;7;8;9;10;11;12;13;14;15;16;17
1000092,1500105,1500095,metro,1,12.2,1,service_links,2506.859769713857,6,999999,75.16820898692225,0,2,5999994,0.15,4,0,"LINESTRING (-122.433557 37.733269, -122.418518 37.752422)",w_metro_only;w_bus_metro;d_metro_only;d_bus_metro,Bay Area Rapid Transit,2,12.2:0;1;2;3;4;5;6;7;8;9;10;11;12;13;14;15;16;17
1000093,1500095,1500094,metro,1,12.2,1,service_links,1422.3432218770677,6,999999,42.64897217022692,0,2,5999994,0.15,4,0,"LINESTRING (-122.418518 37.752422, -122.419755 37.765176)",w_metro_only;w_bus_metro;d_metro_only;d_bus_metro,Bay Area Rapid Transit,3,12.2:0;1;2;3;4;5;6;7;8;9;10;11;12;13;14;15;16;17
1000094,1500094,1500099,metro,1,12.2,1,service_links,1669.1103973379654,6,999999,33.37108425200864,0,3,5999994,0.15,4,0,"LINESTRING (-122.419755 37.765176, -122.413879 37.77945)",w_metro_only;w_bus_metro;d_metro_only;d_bus_metro,Bay Area Rapid Transit,4,12.2:0;1;2;3;4;5;6;7;8;9;10;11;12;13;14;15;16;17
1000095,1500099,1500108,metro,1,12.2,1,service_links,811.9095115232317,6,999999,48.66590479,0,1,5999994,0.15,4,0,"LINESTRING (-122.413879 37.77945, -122.407387 37.784645)",w_metro_only;w_bus_metro;d_metro_only;d_bus_metro,Bay Area Rapid Transit,5,12.2:0;1;2;3;4;5;6;7;8;9;10;11;12;13;14;15;16;17
1000096,1500108,1500107,metro,1,12.2,1,service_links,716.1543495997415,6,999999,21.47389354122164,0,2,5999994,0.15,4,0,"LINESTRING (-122.407387 37.784645, -122.401642 37.789213)",w_metro_only;w_bus_metro;d_metro_only;d_bus_metro,Bay Area Rapid Transit,6,12.2:0;1;2;3;4;5;6;7;8;9;10;11;12;13;14;15;16;17
1000097,1500107,1500103,metro,1,12.2,1,service_links,564.6328100615432,6,999999,16.930519042325134,0,2,5999994,0.15,4,0,"LINESTRING (-122.401642 37.789213, -122.39708 37.792789)",w_metro_only;w_bus_metro;d_metro_only;d_bus_metro,Bay Area Rapid Transit,7,12.2:0;1;2;3;4;5;6;7;8;9;10;11;12;13;14;15;16;17
1000098,1500103,1500111,metro,1,12.2,1,service_links,9057.418976577976,6,999999,77.62393066628746,0,7,5999994,0.15,4,0,"LINESTRING (-122.39708 37.792789, -122.295144 37.804923)",w_metro_only;w_bus_metro;d_metro_only;d_bus_metro,Bay Area Rapid Transit,8,12.2:0;1;2;3;4;5;6;7;8;9;10;11;12;13;14;15;16;17
1000099,1500111,1500106,metro,1,12.2,1,service_links,2759.4401680673614,6,999999,27.58980338011026,0,6,5999994,0.15,4,0,"LINESTRING (-122.295144 37.804923, -122.265232 37.797357)",w_metro_only;w_bus_metro;d_metro_only;d_bus_metro,Bay Area Rapid Transit,9,12.2:0;1;2;3;4;5;6;7;8;9;10;11;12;13;14;15;16;17
1000100,1500106,1500104,metro,1,12.2,1,service_links,4397.3568171110965,6,999999,65.94386629009392,0,4,5999994,0.15,4,0,"LINESTRING (-122.265232 37.797357, -122.224067 37.774873)",w_metro_only;w_bus_metro;d_metro_only;d_bus_metro,Bay Area Rapid Transit,10,12.2:0;1;2;3;4;5;6;7;8;9;10;11;12;13;14;15;16;17
1000101,1500104,1500100,metro,1,12.2,1,service_links,3373.618681288019,6,999999,67.44989032898405,0,3,5999994,0.15,4,0,"LINESTRING (-122.224067 37.774873, -122.196698 37.753604)",w_metro_only;w_bus_metro;d_metro_only;d_bus_metro,Bay Area Rapid Transit,11,12.2:0;1;2;3;4;5;6;7;8;9;10;11;12;13;14;15;16;17
1000102,1500100,1500109,metro,1,12.2,1,service_links,4744.979404433252,6,999999,71.15690184103852,0,4,5999994,0.15,4,0,"LINESTRING (-122.196698 37.753604, -122.160713 37.721806)",w_metro_only;w_bus_metro;d_metro_only;d_bus_metro,Bay Area Rapid Transit,12,12.2:0;1;2;3;4;5;6;7;8;9;10;11;12;13;14;15;16;17
1000103,1500109,1500097,metro,1,12.2,1,service_links,4091.583584278221,6,999999,61.35841416063316,0,4,5999994,0.15,4,0,"LINESTRING (-122.160713 37.721806, -122.126431 37.696938)",w_metro_only;w_bus_metro;d_metro_only;d_bus_metro,Bay Area Rapid Transit,13,12.2:0;1;2;3;4;5;6;7;8;9;10;11;12;13;14;15;16;17
1000104,1500097,1500098,metro,1,12.2,1,service_links,4523.359988222188,6,999999,54.26946596547316,0,5,5999994,0.15,4,0,"LINESTRING (-122.126431 37.696938, -122.075615 37.690776)",w_metro_only;w_bus_metro;d_metro_only;d_bus_metro,Bay Area Rapid Transit,14,12.2:0;1;2;3;4;5;6;7;8;9;10;11;12;13;14;15;16;17
1000105,1500098,1500110,metro,1,12.2,1,service_links,12999.957608712246,6,999999,86.65675552968945,0,9,5999994,0.15,4,0,"LINESTRING (-122.075615 37.690776, -121.928301 37.69976)",w_metro_only;w_bus_metro;d_metro_only;d_bus_metro,Bay Area Rapid Transit,15,12.2:0;1;2;3;4;5;6;7;8;9;10;11;12;13;14;15;16;17
1000106,1500110,1500102,metro,1,12.2,1,service_links,2565.597099925757,6,999999,51.29484371727605,0,3,5999994,0.15,4,0,"LINESTRING (-121.928301 37.69976, -121.899242 37.701692)",w_metro_only;w_bus_metro;d_metro_only;d_bus_metro,Bay Area Rapid Transit,16,12.2:0;1;2;3;4;5;6;7;8;9;10;11;12;13;14;15;16;17
1000107,1500113,1500112,metro,1,19.2,1,service_links,4689.9845026002195,21,999999,35.170487458569326,0,8,20999979,0.15,4,0,"LINESTRING (-122.212237 37.713256, -122.196698 37.753604)",w_metro_only;w_bus_metro;d_metro_only;d_bus_metro,Bay Area Rapid Transit,0,19.2:0;2
1000108,1500179,1500177,metro,1,2.2,1,service_links,3236.0211520397647,3,999999,64.69885675521023,0,3,2999997,0.15,4,0,"LINESTRING (-122.391895 37.616023, -122.416384 37.63772)",w_metro_only;w_bus_metro;d_metro_only;d_bus_metro,Bay Area Rapid Transit,0,2.2:0;1;2;3;4;5;6;7;8;9;10;11;12;13;14;15;16;17;18;19;20;21;23;24;25
1000109,1500177,1500181,metro,1,2.2,1,service_links,3853.0348931829685,3,999999,77.03501952381811,0,3,2999997,0.15,4,0,"LINESTRING (-122.416384 37.63772, -122.444254 37.664437)",w_metro_only;w_bus_metro;d_metro_only;d_bus_metro,Bay Area Rapid Transit,1,2.2:0;1;2;3;4;5;6;7;8;9;10;11;12;13;14;15;16;17;18;19;20;21;23;24;25
1000110,1500181,1500134,metro,1,2.2,1,service_links,2960.9134488643426,3,999999,44.40260108269447,0,4,2999997,0.15,4,0,"LINESTRING (-122.444254 37.664437, -122.466167 37.684642)",w_metro_only;w_bus_metro;d_metro_only;d_bus_metro,Bay Area Rapid Transit,2,2.2:0;1;2;3;4;5;6;7;8;9;10;11;12;13;14;15;16;17;18;19;20;21;23;24;25
1000111,1500134,1500139,metro,1,2.2,1,service_links,2421.5132367975716,3,999999,48.41412669,0,3,2999997,0.15,4,0,"LINESTRING (-122.466167 37.684642, -122.468994 37.706304)",w_metro_only;w_bus_metro;d_metro_only;d_bus_metro,Bay Area Rapid Transit,3,2.2:0;1;2;3;4;5;6;7;8;9;10;11;12;13;14;15;16;17;18;19;20;21;23;24;25
1000112,1500139,1500128,metro,1,2.2,1,service_links,2554.2680021472734,3,999999,38.304443921228795,0,4,2999997,0.15,4,0,"LINESTRING (-122.468994 37.706304, -122.44751 37.721758)",w_metro_only;w_bus_metro;d_metro_only;d_bus_metro,Bay Area Rapid Transit,4,2.2:0;1;2;3;4;5;6;7;8;9;10;11;12;13;14;15;16;17;18;19;20;21;23;24;25
1000113,1500128,1500145,metro,1,2.2,1,service_links,1773.1772010193392,3,999999,53.16873166,0,2,2999997,0.15,4,0,"LINESTRING (-122.44751 37.721758, -122.433557 37.733269)",w_metro_only;w_bus_metro;d_metro_only;d_bus_metro,Bay Area Rapid Transit,5,2.2:0;1;2;3;4;5;6;7;8;9;10;11;12;13;14;15;16;17;18;19;20;21;23;24;25
1000114,1500145,1500123,metro,1,2.2,1,service_links,2506.859769713857,3,999999,50.120488564755554,0,3,2999997,0.15,4,0,"LINESTRING (-122.433557 37.733269, -122.418518 37.752422)",w_metro_only;w_bus_metro;d_metro_only;d_bus_metro,Bay Area Rapid Transit,6,2.2:0;1;2;3;4;5;6;7;8;9;10;11;12;13;14;15;16;17;18;19;20;21;23;24;25
1000115,1500123,1500117,metro,1,2.2,1,service_links,1422.3432218770677,3,999999,42.64897217022692,0,2,2999997,0.15,4,0,"LINESTRING (-122.418518 37.752422, -122.419755 37.765176)",w_metro_only;w_bus_metro;d_metro_only;d_bus_metro,Bay Area Rapid Transit,7,2.2:0;1;2;3;4;5;6;7;8;9;10;11;12;13;14;15;16;17;18;19;20;21;23;24;25
1000116,1500117,1500131,metro,1,2.2,1,service_links,1669.1103973379654,3,999999,33.37108425200864,0,3,2999997,0.15,4,0,"LINESTRING (-122.419755 37.765176, -122.413879 37.77945)",w_metro_only;w_bus_metro;d_metro_only;d_bus_metro,Bay Area Rapid Transit,8,2.2:0;1;2;3;4;5;6;7;8;9;10;11;12;13;14;15;16;17;18;19;20;21;23;24;25
1000117,1500131,1500171,metro,1,2.2,1,service_links,811.9095115232317,3,999999,48.66590479,0,1,2999997,0.15,4,0,"LINESTRING (-122.413879 37.77945, -122.407387 37.784645)",w_metro_only;w_bus_metro;d_metro_only;d_bus_metro,Bay Area Rapid Transit,9,2.2:0;1;2;3;4;5;6;7;8;9;10;11;12;13;14;15;16;17;18;19;20;21;23;24;25
1000118,1500171,1500154,metro,1,2.2,1,service_links,716.1543495997415,3,999999,21.47389354122164,0,2,2999997,0.15,4,0,"LINESTRING (-122.407387 37.784645, -122.401642 37.789213)",w_metro_only;w_bus_metro;d_metro_only;d_bus_metro,Bay Area Rapid Transit,10,2.2:0;1;2;3;4;5;6;7;8;9;10;11;12;13;14;15;16;17;18;19;20;21;23;24;25
1000119,1500154,1500142,metro,1,2.2,1,service_links,564.6328100615432,3,999999,33.84412447921338,0,1,2999997,0.15,4,0,"LINESTRING (-122.401642 37.789213, -122.39708 37.792789)",w_metro_only;w_bus_metro;d_metro_only;d_bus_metro,Bay Area Rapid Transit,11,2.2:0;1;2;3;4;5;6;7;8;9;10;11;12;13;14;15;16;17;18;19;20;21;23;24;25
1000120,1500142,1500186,metro,1,2.2,1,service_links,9057.418976577976,3,999999,77.62393066628746,0,7,2999997,0.15,4,0,"LINESTRING (-122.39708 37.792789, -122.295144 37.804923)",w_metro_only;w_bus_metro;d_metro_only;d_bus_metro,Bay Area Rapid Transit,12,2.2:0;1;2;3;4;5;6;7;8;9;10;11;12;13;14;15;16;17;18;19;20;21;23;24;25
1000121,1500186,1500114,metro,1,2.2,1,service_links,2075.7422970586686,3,999999,31.128352367788082,0,4,2999997,0.15,4,0,"LINESTRING (-122.295144 37.804923, -122.271589 37.803471)",w_metro_only;w_bus_metro;d_metro_only;d_bus_metro,Bay Area Rapid Transit,13,2.2:0;1;2;3;4;5;6;7;8;9;10;11;12;13;14;15;16;17;18;19;20;21;23;24;25
1000122,1500114,1500120,metro,1,2.2,1,service_links,569.0534525773261,3,999999,17.063072041299137,0,2,2999997,0.15,4,0,"LINESTRING (-122.271589 37.803471, -122.268722 37.80806)",w_metro_only;w_bus_metro;d_metro_only;d_bus_metro,Bay Area Rapid Transit,14,2.2:0;1;2;3;4;5;6;7;8;9;10;11;12;13;14;15;16;17;18;19;20;21;23;24;25
1000123,1500120,1500151,metro,1,2.2,1,service_links,2311.798995894363,3,999999,34.66831785895071,0,4,2999997,0.15,4,0,"LINESTRING (-122.268722 37.80806, -122.267163 37.828814)",w_metro_only;w_bus_metro;d_metro_only;d_bus_metro,Bay Area Rapid Transit,15,2.2:0;1;2;3;4;5;6;7;8;9;10;11;12;13;14;15;16;17;18;19;20;21;23;24;25
1000124,1500151,1500174,metro,1,2.2,1,service_links,2259.5209898272865,3,999999,45.17536134276481,0,3,2999997,0.15,4,0,"LINESTRING (-122.267163 37.828814, -122.251271 37.844795)",w_metro_only;w_bus_metro;d_metro_only;d_bus_metro,Bay Area Rapid Transit,16,2.2:0;1;2;3;4;5;6;7;8;9;10;11;12;13;14;15;16;17;18;19;20;21;23;24;25
1000125,1500174,1500160,metro,1,2.2,1,service_links,7015.594971699901,3,999999,84.17030559927895,0,5,2999997,0.15,4,0,"LINESTRING (-122.251271 37.844795, -122.183717 37.878503)",w_metro_only;w_bus_metro;d_metro_only;d_bus_metro,Bay Area Rapid Transit,17,2.2:0;1;2;3;4;5;6;7;8;9;10;11;12;13;14;15;16;17;18;19;20;21;23;24;25
1000126,1500160,1500148,metro,1,2.2,1,service_links,5436.3392868941455,3,999999,65.22302683736227,0,5,2999997,0.15,4,0,"LINESTRING (-122.183717 37.878503, -122.124644 37.89322)",w_metro_only;w_bus_metro;d_metro_only;d_bus_metro,Bay Area Rapid Transit,18,2.2:0;1;2;3;4;5;6;7;8;9;10;11;12;13;14;15;16;17;18;19;20;21;23;24;25
1000127,1500148,1500183,metro,1,2.2,1,service_links,5216.027279142814,3,999999,78.22085397364879,0,4,2999997,0.15,4,0,"LINESTRING (-122.124644 37.89322, -122.067379 37.905812)",w_metro_only;w_bus_metro;d_metro_only;d_bus_metro,Bay Area Rapid Transit,19,2.2:0;1;2;3;4;5;6;7;8;9;10;11;12;13;14;15;16;17;18;19;20;21;23;24;25
1000128,1500183,1500165,metro,1,2.2,1,service_links,2708.7781495772197,3,999999,54.15751048804837,0,3,2999997,0.15,4,0,"LINESTRING (-122.067379 37.905812, -122.056015 37.928463)",w_metro_only;w_bus_metro;d_metro_only;d_bus_metro,Bay Area Rapid Transit,20,2.2:0;1;2;3;4;5;6;7;8;9;10;11;12;13;14;15;16;17;18;19;20;21;23;24;25
1000129,1500165,1500136,metro,1,2.2,1,service_links,5562.592823566718,3,999999,66.73776632953471,0,5,2999997,0.15,4,0,"LINESTRING (-122.056015 37.928463, -122.029126 37.973773)",w_metro_only;w_bus_metro;d_metro_only;d_bus_metro,Bay Area Rapid Transit,21,2.2:0;1;2;3;4;5;6;7;8;9;10;11;12;13;14;15;16;17;18;19;20;21;23;24;25
1000130,1500136,1500157,metro,1,2.2,1,service_links,3319.347038453766,3,999999,49.77776113652236,0,4,2999997,0.15,4,0,"LINESTRING (-122.029126 37.973773, -122.024561 38.003407)",w_metro_only;w_bus_metro;d_metro_only;d_bus_metro,Bay Area Rapid Transit,23,2.2:0;1;2;3;4;5;6;7;8;9;10;11;12;13;14;15;16;17;18;19;20;21;23;24;25
1000131,1500157,1500168,metro,1,2.2,1,service_links,7245.330392384027,3,999999,72.44123039,0,6,2999997,0.15,4,0,"LINESTRING (-122.024561 38.003407, -121.944248 38.01895)",w_metro_only;w_bus_metro;d_metro_only;d_bus_metro,Bay Area Rapid Transit,24,2.2:0;1;2;3;4;5;6;7;8;9;10;11;12;13;14;15;16;17;18;19;20;21;23;24;25
1000132,1500180,1500178,metro,1,2.2,1,service_links,3236.0211520397647,7,999999,48.528185234287896,0,4,6999993,0.15,4,0,"LINESTRING (-122.391895 37.616023, -122.416384 37.63772)",w_metro_only;w_bus_metro;d_metro_only;d_bus_metro,Bay Area Rapid Transit,0,2.2:0;1;2;3;4;5;6;7;8;9;10;11;12;13;14;15;16;17;18;19;20;21;23;24;25;26;27
1000133,1500178,1500182,metro,1,2.2,1,service_links,3853.0348931829685,7,999999,77.03501952381811,0,3,6999993,0.15,4,0,"LINESTRING (-122.416384 37.63772, -122.444254 37.664437)",w_metro_only;w_bus_metro;d_metro_only;d_bus_metro,Bay Area Rapid Transit,1,2.2:0;1;2;3;4;5;6;7;8;9;10;11;12;13;14;15;16;17;18;19;20;21;23;24;25;26;27
1000134,1500182,1500135,metro,1,2.2,1,service_links,2960.9134488643426,7,999999,59.198536131909556,0,3,6999993,0.15,4,0,"LINESTRING (-122.444254 37.664437, -122.466167 37.684642)",w_metro_only;w_bus_metro;d_metro_only;d_bus_metro,Bay Area Rapid Transit,2,2.2:0;1;2;3;4;5;6;7;8;9;10;11;12;13;14;15;16;17;18;19;20;21;23;24;25;26;27
1000135,1500135,1500140,metro,1,2.2,1,service_links,2421.5132367975716,7,999999,48.41412669,0,3,6999993,0.15,4,0,"LINESTRING (-122.466167 37.684642, -122.468994 37.706304)",w_metro_only;w_bus_metro;d_metro_only;d_bus_metro,Bay Area Rapid Transit,3,2.2:0;1;2;3;4;5;6;7;8;9;10;11;12;13;14;15;16;17;18;19;20;21;23;24;25;26;27
1000136,1500140,1500129,metro,1,2.2,1,service_links,2554.2680021472734,7,999999,38.304443921228795,0,4,6999993,0.15,4,0,"LINESTRING (-122.468994 37.706304, -122.44751 37.721758)",w_metro_only;w_bus_metro;d_metro_only;d_bus_metro,Bay Area Rapid Transit,4,2.2:0;1;2;3;4;5;6;7;8;9;10;11;12;13;14;15;16;17;18;19;20;21;23;24;25;26;27
1000137,1500129,1500146,metro,1,2.2,1,service_links,1773.1772010193392,7,999999,35.45172677812741,0,3,6999993,0.15,4,0,"LINESTRING (-122.44751 37.721758, -122.433557 37.733269)",w_metro_only;w_bus_metro;d_metro_only;d_bus_metro,Bay Area Rapid Transit,5,2.2:0;1;2;3;4;5;6;7;8;9;10;11;12;13;14;15;16;17;18;19;20;21;23;24;25;26;27
1000138,1500146,1500124,metro,1,2.2,1,service_links,2506.859769713857,7,999999,75.16820898692225,0,2,6999993,0.15,4,0,"LINESTRING (-122.433557 37.733269, -122.418518 37.752422)",w_metro_only;w_bus_metro;d_metro_only;d_bus_metro,Bay Area Rapid Transit,6,2.2:0;1;2;3;4;5;6;7;8;9;10;11;12;13;14;15;16;17;18;19;20;21;23;24;25;26;27
1000139,1500124,1500118,metro,1,2.2,1,service_links,1422.3432218770677,7,999999,42.64897217022692,0,2,6999993,0.15,4,0,"LINESTRING (-122.418518 37.752422, -122.419755 37.765176)",w_metro_only;w_bus_metro;d_metro_only;d_bus_metro,Bay Area Rapid Transit,7,2.2:0;1;2;3;4;5;6;7;8;9;10;11;12;13;14;15;16;17;18;19;20;21;23;24;25;26;27
1000140,1500118,1500132,metro,1,2.2,1,service_links,1669.1103973379654,7,999999,33.37108425200864,0,3,6999993,0.15,4,0,"LINESTRING (-122.419755 37.765176, -122.413879 37.77945)",w_metro_only;w_bus_metro;d_metro_only;d_bus_metro,Bay Area Rapid Transit,8,2.2:0;1;2;3;4;5;6;7;8;9;10;11;12;13;14;15;16;17;18;19;20;21;23;24;25;26;27
1000141,1500132,1500172,metro,1,2.2,1,service_links,811.9095115232317,7,999999,48.66590479,0,1,6999993,0.15,4,0,"LINESTRING (-122.413879 37.77945, -122.407387 37.784645)",w_metro_only;w_bus_metro;d_metro_only;d_bus_metro,Bay Area Rapid Transit,9,2.2:0;1;2;3;4;5;6;7;8;9;10;11;12;13;14;15;16;17;18;19;20;21;23;24;25;26;27
1000142,1500172,1500155,metro,1,2.2,1,service_links,716.1543495997415,7,999999,21.47389354122164,0,2,6999993,0.15,4,0,"LINESTRING (-122.407387 37.784645, -122.401642 37.789213)",w_metro_only;w_bus_metro;d_metro_only;d_bus_metro,Bay Area Rapid Transit,10,2.2:0;1;2;3;4;5;6;7;8;9;10;11;12;13;14;15;16;17;18;19;20;21;23;24;25;26;27
1000143,1500155,1500143,metro,1,2.2,1,service_links,564.6328100615432,7,999999,16.930519042325134,0,2,6999993,0.15,4,0,"LINESTRING (-122.401642 37.789213, -122.39708 37.792789)",w_metro_only;w_bus_metro;d_metro_only;d_bus_metro,Bay Area Rapid Transit,11,2.2:0;1;2;3;4;5;6;7;8;9;10;11;12;13;14;15;16;17;18;19;20;21;23;24;25;26;27
1000144,1500143,1500187,metro,1,2.2,1,service_links,9057.418976577976,7,999999,77.62393066628746,0,7,6999993,0.15,4,0,"LINESTRING (-122.39708 37.792789, -122.295144 37.804923)",w_metro_only;w_bus_metro;d_metro_only;d_bus_metro,Bay Area Rapid Transit,12,2.2:0;1;2;3;4;5;6;7;8;9;10;11;12;13;14;15;16;17;18;19;20;21;23;24;25;26;27
1000145,1500187,1500115,metro,1,2.2,1,service_links,2075.7422970586686,7,999999,31.128352367788082,0,4,6999993,0.15,4,0,"LINESTRING (-122.295144 37.804923, -122.271589 37.803471)",w_metro_only;w_bus_metro;d_metro_only;d_bus_metro,Bay Area Rapid Transit,13,2.2:0;1;2;3;4;5;6;7;8;9;10;11;12;13;14;15;16;17;18;19;20;21;23;24;25;26;27
1000146,1500115,1500121,metro,1,2.2,1,service_links,569.0534525773261,7,999999,34.10909805658299,0,1,6999993,0.15,4,0,"LINESTRING (-122.271589 37.803471, -122.268722 37.80806)",w_metro_only;w_bus_metro;d_metro_only;d_bus_metro,Bay Area Rapid Transit,14,2.2:0;1;2;3;4;5;6;7;8;9;10;11;12;13;14;15;16;17;18;19;20;21;23;24;25;26;27
1000147,1500121,1500152,metro,1,2.2,1,service_links,2311.798995894363,7,999999,34.66831785895071,0,4,6999993,0.15,4,0,"LINESTRING (-122.268722 37.80806, -122.267163 37.828814)",w_metro_only;w_bus_metro;d_metro_only;d_bus_metro,Bay Area Rapid Transit,15,2.2:0;1;2;3;4;5;6;7;8;9;10;11;12;13;14;15;16;17;18;19;20;21;23;24;25;26;27
1000148,1500152,1500175,metro,1,2.2,1,service_links,2259.5209898272865,7,999999,45.17536134276481,0,3,6999993,0.15,4,0,"LINESTRING (-122.267163 37.828814, -122.251271 37.844795)",w_metro_only;w_bus_metro;d_metro_only;d_bus_metro,Bay Area Rapid Transit,16,2.2:0;1;2;3;4;5;6;7;8;9;10;11;12;13;14;15;16;17;18;19;20;21;23;24;25;26;27
1000149,1500175,1500161,metro,1,2.2,1,service_links,7015.594971699901,7,999999,84.17030559927895,0,5,6999993,0.15,4,0,"LINESTRING (-122.251271 37.844795, -122.183717 37.878503)",w_metro_only;w_bus_metro;d_metro_only;d_bus_metro,Bay Area Rapid Transit,17,2.2:0;1;2;3;4;5;6;7;8;9;10;11;12;13;14;15;16;17;18;19;20;21;23;24;25;26;27
1000150,1500161,1500149,metro,1,2.2,1,service_links,5436.3392868941455,7,999999,65.22302683736227,0,5,6999993,0.15,4,0,"LINESTRING (-122.183717 37.878503, -122.124644 37.89322)",w_metro_only;w_bus_metro;d_metro_only;d_bus_metro,Bay Area Rapid Transit,18,2.2:0;1;2;3;4;5;6;7;8;9;10;11;12;13;14;15;16;17;18;19;20;21;23;24;25;26;27
1000151,1500149,1500184,metro,1,2.2,1,service_links,5216.027279142814,7,999999,62.57981138743628,0,5,6999993,0.15,4,0,"LINESTRING (-122.124644 37.89322, -122.067379 37.905812)",w_metro_only;w_bus_metro;d_metro_only;d_bus_metro,Bay Area Rapid Transit,19,2.2:0;1;2;3;4;5;6;7;8;9;10;11;12;13;14;15;16;17;18;19;20;21;23;24;25;26;27
1000152,1500184,1500166,metro,1,2.2,1,service_links,2708.7781495772197,7,999999,81.22273312075622,0,2,6999993,0.15,4,0,"LINESTRING (-122.067379 37.905812, -122.056015 37.928463)",w_metro_only;w_bus_metro;d_metro_only;d_bus_metro,Bay Area Rapid Transit,20,2.2:0;1;2;3;4;5;6;7;8;9;10;11;12;13;14;15;16;17;18;19;20;21;23;24;25;26;27
1000153,1500166,1500137,metro,1,2.2,1,service_links,5562.592823566718,7,999999,55.61665879253509,0,6,6999993,0.15,4,0,"LINESTRING (-122.056015 37.928463, -122.029126 37.973773)",w_metro_only;w_bus_metro;d_metro_only;d_bus_metro,Bay Area Rapid Transit,21,2.2:0;1;2;3;4;5;6;7;8;9;10;11;12;13;14;15;16;17;18;19;20;21;23;24;25;26;27
1000154,1500137,1500158,metro,1,2.2,1,service_links,3319.347038453766,7,999999,66.36481916268775,0,3,6999993,0.15,4,0,"LINESTRING (-122.029126 37.973773, -122.024561 38.003407)",w_metro_only;w_bus_metro;d_metro_only;d_bus_metro,Bay Area Rapid Transit,23,2.2:0;1;2;3;4;5;6;7;8;9;10;11;12;13;14;15;16;17;18;19;20;21;23;24;25;26;27
1000155,1500158,1500169,metro,1,2.2,1,service_links,7245.330392384027,7,999999,72.44123039,0,6,6999993,0.15,4,0,"LINESTRING (-122.024561 38.003407, -121.944248 38.01895)",w_metro_only;w_bus_metro;d_metro_only;d_bus_metro,Bay Area Rapid Transit,24,2.2:0;1;2;3;4;5;6;7;8;9;10;11;12;13;14;15;16;17;18;19;20;21;23;24;25;26;27
1000156,1500169,1500163,metro,1,2.2,1,service_links,4844.346439222662,7,999999,20.760001882248392,0,14,6999993,0.15,4,0,"LINESTRING (-121.944248 38.01895, -121.889011 38.016873)",w_metro_only;w_bus_metro;d_metro_only;d_bus_metro,Bay Area Rapid Transit,25,2.2:0;1;2;3;4;5;6;7;8;9;10;11;12;13;14;15;16;17;18;19;20;21;23;24;25;26;27
1000157,1500163,1500126,metro,1,2.2,1,service_links,9814.569349518277,7,999999,73.60007011,0,8,6999993,0.15,4,0,"LINESTRING (-121.889011 38.016873, -121.780353 37.995415)",w_metro_only;w_bus_metro;d_metro_only;d_bus_metro,Bay Area Rapid Transit,26,2.2:0;1;2;3;4;5;6;7;8;9;10;11;12;13;14;15;16;17;18;19;20;21;23;24;25;26;27
1000158,1500141,1500130,metro,1,2.2,1,service_links,2554.2680021472734,1,999999,38.304443921228795,0,4,999999,0.15,4,0,"LINESTRING (-122.468994 37.706304, -122.44751 37.721758)",w_metro_only;w_bus_metro;d_metro_only;d_bus_metro,Bay Area Rapid Transit,0,2.2:0;1;2;3;4;5;6;7;8;9;10;11;12;13;14;15;16;17;19;20;21;22;23
1000159,1500130,1500147,metro,1,2.2,1,service_links,1773.1772010193392,1,999999,35.45172677812741,0,3,999999,0.15,4,0,"LINESTRING (-122.44751 37.721758, -122.433557 37.733269)",w_metro_only;w_bus_metro;d_metro_only;d_bus_metro,Bay Area Rapid Transit,1,2.2:0;1;2;3;4;5;6;7;8;9;10;11;12;13;14;15;16;17;19;20;21;22;23
1000160,1500147,1500125,metro,1,2.2,1,service_links,2506.859769713857,1,999999,75.16820898692225,0,2,999999,0.15,4,0,"LINESTRING (-122.433557 37.733269, -122.418518 37.752422)",w_metro_only;w_bus_metro;d_metro_only;d_bus_metro,Bay Area Rapid Transit,2,2.2:0;1;2;3;4;5;6;7;8;9;10;11;12;13;14;15;16;17;19;20;21;22;23
1000161,1500125,1500119,metro,1,2.2,1,service_links,1422.3432218770677,1,999999,42.64897217022692,0,2,999999,0.15,4,0,"LINESTRING (-122.418518 37.752422, -122.419755 37.765176)",w_metro_only;w_bus_metro;d_metro_only;d_bus_metro,Bay Area Rapid Transit,3,2.2:0;1;2;3;4;5;6;7;8;9;10;11;12;13;14;15;16;17;19;20;21;22;23
1000162,1500119,1500133,metro,1,2.2,1,service_links,1669.1103973379654,1,999999,33.37108425200864,0,3,999999,0.15,4,0,"LINESTRING (-122.419755 37.765176, -122.413879 37.77945)",w_metro_only;w_bus_metro;d_metro_only;d_bus_metro,Bay Area Rapid Transit,4,2.2:0;1;2;3;4;5;6;7;8;9;10;11;12;13;14;15;16;17;19;20;21;22;23
1000163,1500133,1500173,metro,1,2.2,1,service_links,811.9095115232317,1,999999,48.66590479,0,1,999999,0.15,4,0,"LINESTRING (-122.413879 37.77945, -122.407387 37.784645)",w_metro_only;w_bus_metro;d_metro_only;d_bus_metro,Bay Area Rapid Transit,5,2.2:0;1;2;3;4;5;6;7;8;9;10;11;12;13;14;15;16;17;19;20;21;22;23
1000164,1500173,1500156,metro,1,2.2,1,service_links,716.1543495997415,1,999999,21.47389354122164,0,2,999999,0.15,4,0,"LINESTRING (-122.407387 37.784645, -122.401642 37.789213)",w_metro_only;w_bus_metro;d_metro_only;d_bus_metro,Bay Area Rapid Transit,6,2.2:0;1;2;3;4;5;6;7;8;9;10;11;12;13;14;15;16;17;19;20;21;22;23
1000165,1500156,1500144,metro,1,2.2,1,service_links,564.6328100615432,1,999999,16.930519042325134,0,2,999999,0.15,4,0,"LINESTRING (-122.401642 37.789213, -122.39708 37.792789)",w_metro_only;w_bus_metro;d_metro_only;d_bus_metro,Bay Area Rapid Transit,7,2.2:0;1;2;3;4;5;6;7;8;9;10;11;12;13;14;15;16;17;19;20;21;22;23
1000166,1500144,1500188,metro,1,2.2,1,service_links,9057.418976577976,1,999999,77.62393066628746,0,7,999999,0.15,4,0,"LINESTRING (-122.39708 37.792789, -122.295144 37.804923)",w_metro_only;w_bus_metro;d_metro_only;d_bus_metro,Bay Area Rapid Transit,8,2.2:0;1;2;3;4;5;6;7;8;9;10;11;12;13;14;15;16;17;19;20;21;22;23
1000167,1500188,1500116,metro,1,2.2,1,service_links,2075.7422970586686,1,999999,31.128352367788082,0,4,999999,0.15,4,0,"LINESTRING (-122.295144 37.804923, -122.271589 37.803471)",w_metro_only;w_bus_metro;d_metro_only;d_bus_metro,Bay Area Rapid Transit,9,2.2:0;1;2;3;4;5;6;7;8;9;10;11;12;13;14;15;16;17;19;20;21;22;23
1000168,1500116,1500122,metro,1,2.2,1,service_links,569.0534525773261,1,999999,34.10909805658299,0,1,999999,0.15,4,0,"LINESTRING (-122.271589 37.803471, -122.268722 37.80806)",w_metro_only;w_bus_metro;d_metro_only;d_bus_metro,Bay Area Rapid Transit,10,2.2:0;1;2;3;4;5;6;7;8;9;10;11;12;13;14;15;16;17;19;20;21;22;23
1000169,1500122,1500153,metro,1,2.2,1,service_links,2311.798995894363,1,999999,34.66831785895071,0,4,999999,0.15,4,0,"LINESTRING (-122.268722 37.80806, -122.267163 37.828814)",w_metro_only;w_bus_metro;d_metro_only;d_bus_metro,Bay Area Rapid Transit,11,2.2:0;1;2;3;4;5;6;7;8;9;10;11;12;13;14;15;16;17;19;20;21;22;23
1000170,1500153,1500176,metro,1,2.2,1,service_links,2259.5209898272865,1,999999,45.17536134276481,0,3,999999,0.15,4,0,"LINESTRING (-122.267163 37.828814, -122.251271 37.844795)",w_metro_only;w_bus_metro;d_metro_only;d_bus_metro,Bay Area Rapid Transit,12,2.2:0;1;2;3;4;5;6;7;8;9;10;11;12;13;14;15;16;17;19;20;21;22;23
1000171,1500176,1500162,metro,1,2.2,1,service_links,7015.594971699901,1,999999,84.17030559927895,0,5,999999,0.15,4,0,"LINESTRING (-122.251271 37.844795, -122.183717 37.878503)",w_metro_only;w_bus_metro;d_metro_only;d_bus_metro,Bay Area Rapid Transit,13,2.2:0;1;2;3;4;5;6;7;8;9;10;11;12;13;14;15;16;17;19;20;21;22;23
1000172,1500162,1500150,metro,1,2.2,1,service_links,5436.3392868941455,1,999999,65.22302683736227,0,5,999999,0.15,4,0,"LINESTRING (-122.183717 37.878503, -122.124644 37.89322)",w_metro_only;w_bus_metro;d_metro_only;d_bus_metro,Bay Area Rapid Transit,14,2.2:0;1;2;3;4;5;6;7;8;9;10;11;12;13;14;15;16;17;19;20;21;22;23
1000173,1500150,1500185,metro,1,2.2,1,service_links,5216.027279142814,1,999999,62.57981138743628,0,5,999999,0.15,4,0,"LINESTRING (-122.124644 37.89322, -122.067379 37.905812)",w_metro_only;w_bus_metro;d_metro_only;d_bus_metro,Bay Area Rapid Transit,15,2.2:0;1;2;3;4;5;6;7;8;9;10;11;12;13;14;15;16;17;19;20;21;22;23
1000174,1500185,1500167,metro,1,2.2,1,service_links,2708.7781495772197,1,999999,81.22273312075622,0,2,999999,0.15,4,0,"LINESTRING (-122.067379 37.905812, -122.056015 37.928463)",w_metro_only;w_bus_metro;d_metro_only;d_bus_metro,Bay Area Rapid Transit,16,2.2:0;1;2;3;4;5;6;7;8;9;10;11;12;13;14;15;16;17;19;20;21;22;23
1000175,1500167,1500138,metro,1,2.2,1,service_links,5562.592823566718,1,999999,55.61665879253509,0,6,999999,0.15,4,0,"LINESTRING (-122.056015 37.928463, -122.029126 37.973773)",w_metro_only;w_bus_metro;d_metro_only;d_bus_metro,Bay Area Rapid Transit,17,2.2:0;1;2;3;4;5;6;7;8;9;10;11;12;13;14;15;16;17;19;20;21;22;23
1000176,1500138,1500159,metro,1,2.2,1,service_links,3319.347038453766,1,999999,66.36481916268775,0,3,999999,0.15,4,0,"LINESTRING (-122.029126 37.973773, -122.024561 38.003407)",w_metro_only;w_bus_metro;d_metro_only;d_bus_metro,Bay Area Rapid Transit,19,2.2:0;1;2;3;4;5;6;7;8;9;10;11;12;13;14;15;16;17;19;20;21;22;23
1000177,1500159,1500170,metro,1,2.2,1,service_links,7245.330392384027,1,999999,72.44123039,0,6,999999,0.15,4,0,"LINESTRING (-122.024561 38.003407, -121.944248 38.01895)",w_metro_only;w_bus_metro;d_metro_only;d_bus_metro,Bay Area Rapid Transit,20,2.2:0;1;2;3;4;5;6;7;8;9;10;11;12;13;14;15;16;17;19;20;21;22;23
1000178,1500170,1500164,metro,1,2.2,1,service_links,4844.346439222662,1,999999,20.760001882248392,0,14,999999,0.15,4,0,"LINESTRING (-121.944248 38.01895, -121.889011 38.016873)",w_metro_only;w_bus_metro;d_metro_only;d_bus_metro,Bay Area Rapid Transit,21,2.2:0;1;2;3;4;5;6;7;8;9;10;11;12;13;14;15;16;17;19;20;21;22;23
1000179,1500164,1500127,metro,1,2.2,1,service_links,9814.569349518277,1,999999,73.60007011,0,8,999999,0.15,4,0,"LINESTRING (-121.889011 38.016873, -121.780353 37.995415)",w_metro_only;w_bus_metro;d_metro_only;d_bus_metro,Bay Area Rapid Transit,22,2.2:0;1;2;3;4;5;6;7;8;9;10;11;12;13;14;15;16;17;19;20;21;22;23
1000180,1500189,1500190,metro,1,20.1,1,service_links,4689.9845026002195,20,999999,35.170487458569326,0,8,19999980,0.15,4,0,"LINESTRING (-122.196698 37.753604, -122.212237 37.713256)",w_metro_only;w_bus_metro;d_metro_only;d_bus_metro,Bay Area Rapid Transit,0,20.1:0;2
1000181,1500240,1500218,metro,1,3.2,1,service_links,4726.665156,1,999999,70.88225677040124,0,4,999999,0.15,4,0,"LINESTRING (-122.057158 37.634363, -122.086941 37.669731)",w_metro_only;w_bus_metro;d_metro_only;d_bus_metro,Bay Area Rapid Transit,0,3.2:0;1;2;3;4;5;6;7;8;9;10;11;12;13;14;15
1000182,1500218,1500200,metro,1,3.2,1,service_links,4607.464536906908,1,999999,69.09469438,0,4,999999,0.15,4,0,"LINESTRING (-122.086941 37.669731, -122.126431 37.696938)",w_metro_only;w_bus_metro;d_metro_only;d_bus_metro,Bay Area Rapid Transit,1,3.2:0;1;2;3;4;5;6;7;8;9;10;11;12;13;14;15
1000183,1500200,1500237,metro,1,3.2,1,service_links,4091.583584278221,1,999999,81.80440355104741,0,3,999999,0.15,4,0,"LINESTRING (-122.126431 37.696938, -122.160713 37.721806)",w_metro_only;w_bus_metro;d_metro_only;d_bus_metro,Bay Area Rapid Transit,2,3.2:0;1;2;3;4;5;6;7;8;9;10;11;12;13;14;15
1000184,1500237,1500204,metro,1,3.2,1,service_links,4744.979404433252,1,999999,71.15690184103852,0,4,999999,0.15,4,0,"LINESTRING (-122.160713 37.721806, -122.196698 37.753604)",w_metro_only;w_bus_metro;d_metro_only;d_bus_metro,Bay Area Rapid Transit,3,3.2:0;1;2;3;4;5;6;7;8;9;10;11;12;13;14;15
1000185,1500204,1500215,metro,1,3.2,1,service_links,3373.618681288019,1,999999,50.59163231124248,0,4,999999,0.15,4,0,"LINESTRING (-122.196698 37.753604, -122.224067 37.774873)",w_metro_only;w_bus_metro;d_metro_only;d_bus_metro,Bay Area Rapid Transit,4,3.2:0;1;2;3;4;5;6;7;8;9;10;11;12;13;14;15
1000186,1500215,1500221,metro,1,3.2,1,service_links,4397.3568171110965,1,999999,65.94386629009392,0,4,999999,0.15,4,0,"LINESTRING (-122.224067 37.774873, -122.265232 37.797357)",w_metro_only;w_bus_metro;d_metro_only;d_bus_metro,Bay Area Rapid Transit,5,3.2:0;1;2;3;4;5;6;7;8;9;10;11;12;13;14;15
1000187,1500221,1500191,metro,1,3.2,1,service_links,879.8561407943612,1,999999,17.591259062866268,0,3,999999,0.15,4,0,"LINESTRING (-122.265232 37.797357, -122.271589 37.803471)",w_metro_only;w_bus_metro;d_metro_only;d_bus_metro,Bay Area Rapid Transit,6,3.2:0;1;2;3;4;5;6;7;8;9;10;11;12;13;14;15
1000188,1500191,1500194,metro,1,3.2,1,service_links,569.0534525773261,1,999999,34.10909805658299,0,1,999999,0.15,4,0,"LINESTRING (-122.271589 37.803471, -122.268722 37.80806)",w_metro_only;w_bus_metro;d_metro_only;d_bus_metro,Bay Area Rapid Transit,7,3.2:0;1;2;3;4;5;6;7;8;9;10;11;12;13;14;15
1000189,1500194,1500224,metro,1,3.2,1,service_links,2311.798995894363,1,999999,34.66831785895071,0,4,999999,0.15,4,0,"LINESTRING (-122.268722 37.80806, -122.267163 37.828814)",w_metro_only;w_bus_metro;d_metro_only;d_bus_metro,Bay Area Rapid Transit,8,3.2:0;1;2;3;4;5;6;7;8;9;10;11;12;13;14;15
1000190,1500224,1500197,metro,1,3.2,1,service_links,2706.5833354245424,1,999999,40.58860288064797,0,4,999999,0.15,4,0,"LINESTRING (-122.267163 37.828814, -122.26975 37.853069)",w_metro_only;w_bus_metro;d_metro_only;d_bus_metro,Bay Area Rapid Transit,9,3.2:0;1;2;3;4;5;6;7;8;9;10;11;12;13;14;15
1000191,1500197,1500207,metro,1,3.2,1,service_links,1901.3253023863492,1,999999,57.011253444868046,0,2,999999,0.15,4,0,"LINESTRING (-122.26975 37.853069, -122.268078 37.870117)",w_metro_only;w_bus_metro;d_metro_only;d_bus_metro,Bay Area Rapid Transit,10,3.2:0;1;2;3;4;5;6;7;8;9;10;11;12;13;14;15
1000192,1500207,1500228,metro,1,3.2,1,service_links,1422.6179483176013,1,999999,42.65720984460574,0,2,999999,0.15,4,0,"LINESTRING (-122.268078 37.870117, -122.283508 37.874032)",w_metro_only;w_bus_metro;d_metro_only;d_bus_metro,Bay Area Rapid Transit,11,3.2:0;1;2;3;4;5;6;7;8;9;10;11;12;13;14;15
1000193,1500228,1500231,metro,1,3.2,1,service_links,3455.0739718031496,1,999999,69.07845328,0,3,999999,0.15,4,0,"LINESTRING (-122.283508 37.874032, -122.298895 37.902633)",w_metro_only;w_bus_metro;d_metro_only;d_bus_metro,Bay Area Rapid Transit,12,3.2:0;1;2;3;4;5;6;7;8;9;10;11;12;13;14;15
1000194,1500231,1500210,metro,1,3.2,1,service_links,2964.036555443171,1,999999,59.26097744971352,0,3,999999,0.15,4,0,"LINESTRING (-122.298895 37.902633, -122.316868 37.925205)",w_metro_only;w_bus_metro;d_metro_only;d_bus_metro,Bay Area Rapid Transit,13,3.2:0;1;2;3;4;5;6;7;8;9;10;11;12;13;14;15
1000195,1500210,1500234,metro,1,3.2,1,service_links,3421.319530459786,1,999999,41.047624840549325,0,5,999999,0.15,4,0,"LINESTRING (-122.316868 37.925205, -122.353004 37.936795)",w_metro_only;w_bus_metro;d_metro_only;d_bus_metro,Bay Area Rapid Transit,14,3.2:0;1;2;3;4;5;6;7;8;9;10;11;12;13;14;15
1000196,1500203,1500227,metro,1,3.2,1,service_links,4813.040565816075,7,999999,72.17756409621707,0,4,6999993,0.15,4,0,"LINESTRING (-121.874661 37.368495, -121.890803 37.409836)",w_metro_only;w_bus_metro;d_metro_only;d_bus_metro,Bay Area Rapid Transit,0,3.2:0;1;2;3;4;6;7;8;9;10;11;12;13;14;15;16;17;18;19;20;21
1000197,1500227,1500245,metro,1,3.2,1,service_links,11139.77773047538,7,999999,83.53789074222259,0,8,6999993,0.15,4,0,"LINESTRING (-121.890803 37.409836, -121.939358 37.502307)",w_metro_only;w_bus_metro;d_metro_only;d_bus_metro,Bay Area Rapid Transit,1,3.2:0;1;2;3;4;6;7;8;9;10;11;12;13;14;15;16;17;18;19;20;21
1000198,1500245,1500213,metro,1,3.2,1,service_links,6962.087399753771,7,999999,69.60927245212902,0,6,6999993,0.15,4,0,"LINESTRING (-121.939358 37.502307, -121.976605 37.557513)",w_metro_only;w_bus_metro;d_metro_only;d_bus_metro,Bay Area Rapid Transit,2,3.2:0;1;2;3;4;6;7;8;9;10;11;12;13;14;15;16;17;18;19;20;21
1000199,1500213,1500243,metro,1,3.2,1,service_links,5146.7800084641685,7,999999,61.74901029951011,0,5,6999993,0.15,4,0,"LINESTRING (-121.976605 37.557513, -122.01723 37.590765)",w_metro_only;w_bus_metro;d_metro_only;d_bus_metro,Bay Area Rapid Transit,3,3.2:0;1;2;3;4;6;7;8;9;10;11;12;13;14;15;16;17;18;19;20;21
1000200,1500243,1500241,metro,1,3.2,1,service_links,5989.260180608332,7,999999,71.85675081713656,0,5,6999993,0.15,4,0,"LINESTRING (-122.01723 37.590765, -122.057158 37.634363)",w_metro_only;w_bus_metro;d_metro_only;d_bus_metro,Bay Area Rapid Transit,4,3.2:0;1;2;3;4;6;7;8;9;10;11;12;13;14;15;16;17;18;19;20;21
1000201,1500241,1500219,metro,1,3.2,1,service_links,4726.665156,7,999999,70.88225677040124,0,4,6999993,0.15,4,0,"LINESTRING (-122.057158 37.634363, -122.086941 37.669731)",w_metro_only;w_bus_metro;d_metro_only;d_bus_metro,Bay Area Rapid Transit,6,3.2:0;1;2;3;4;6;7;8;9;10;11;12;13;14;15;16;17;18;19;20;21
1000202,1500219,1500201,metro,1,3.2,1,service_links,4607.464536906908,7,999999,69.09469438,0,4,6999993,0.15,4,0,"LINESTRING (-122.086941 37.669731, -122.126431 37.696938)",w_metro_only;w_bus_metro;d_metro_only;d_bus_metro,Bay Area Rapid Transit,7,3.2:0;1;2;3;4;6;7;8;9;10;11;12;13;14;15;16;17;18;19;20;21
1000203,1500201,1500238,metro,1,3.2,1,service_links,4091.583584278221,7,999999,81.80440355104741,0,3,6999993,0.15,4,0,"LINESTRING (-122.126431 37.696938, -122.160713 37.721806)",w_metro_only;w_bus_metro;d_metro_only;d_bus_metro,Bay Area Rapid Transit,8,3.2:0;1;2;3;4;6;7;8;9;10;11;12;13;14;15;16;17;18;19;20;21
1000204,1500238,1500205,metro,1,3.2,1,service_links,4744.979404433252,7,999999,71.15690184103852,0,4,6999993,0.15,4,0,"LINESTRING (-122.160713 37.721806, -122.196698 37.753604)",w_metro_only;w_bus_metro;d_metro_only;d_bus_metro,Bay Area Rapid Transit,9,3.2:0;1;2;3;4;6;7;8;9;10;11;12;13;14;15;16;17;18;19;20;21
1000205,1500205,1500216,metro,1,3.2,1,service_links,3373.618681288019,7,999999,50.59163231124248,0,4,6999993,0.15,4,0,"LINESTRING (-122.196698 37.753604, -122.224067 37.774873)",w_metro_only;w_bus_metro;d_metro_only;d_bus_metro,Bay Area Rapid Transit,10,3.2:0;1;2;3;4;6;7;8;9;10;11;12;13;14;15;16;17;18;19;20;21
1000206,1500216,1500222,metro,1,3.2,1,service_links,4397.3568171110965,7,999999,65.94386629009392,0,4,6999993,0.15,4,0,"LINESTRING (-122.224067 37.774873, -122.265232 37.797357)",w_metro_only;w_bus_metro;d_metro_only;d_bus_metro,Bay Area Rapid Transit,11,3.2:0;1;2;3;4;6;7;8;9;10;11;12;13;14;15;16;17;18;19;20;21
1000207,1500222,1500192,metro,1,3.2,1,service_links,879.8561407943612,7,999999,17.591259062866268,0,3,6999993,0.15,4,0,"LINESTRING (-122.265232 37.797357, -122.271589 37.803471)",w_metro_only;w_bus_metro;d_metro_only;d_bus_metro,Bay Area Rapid Transit,12,3.2:0;1;2;3;4;6;7;8;9;10;11;12;13;14;15;16;17;18;19;20;21
1000208,1500192,1500195,metro,1,3.2,1,service_links,569.0534525773261,7,999999,34.10909805658299,0,1,6999993,0.15,4,0,"LINESTRING (-122.271589 37.803471, -122.268722 37.80806)",w_metro_only;w_bus_metro;d_metro_only;d_bus_metro,Bay Area Rapid Transit,13,3.2:0;1;2;3;4;6;7;8;9;10;11;12;13;14;15;16;17;18;19;20;21
1000209,1500195,1500225,metro,1,3.2,1,service_links,2311.798995894363,7,999999,34.66831785895071,0,4,6999993,0.15,4,0,"LINESTRING (-122.268722 37.80806, -122.267163 37.828814)",w_metro_only;w_bus_metro;d_metro_only;d_bus_metro,Bay Area Rapid Transit,14,3.2:0;1;2;3;4;6;7;8;9;10;11;12;13;14;15;16;17;18;19;20;21
1000210,1500225,1500198,metro,1,3.2,1,service_links,2706.5833354245424,7,999999,40.58860288064797,0,4,6999993,0.15,4,0,"LINESTRING (-122.267163 37.828814, -122.26975 37.853069)",w_metro_only;w_bus_metro;d_metro_only;d_bus_metro,Bay Area Rapid Transit,15,3.2:0;1;2;3;4;6;7;8;9;10;11;12;13;14;15;16;17;18;19;20;21
1000211,1500198,1500208,metro,1,3.2,1,service_links,1901.3253023863492,7,999999,57.011253444868046,0,2,6999993,0.15,4,0,"LINESTRING (-122.26975 37.853069, -122.268078 37.870117)",w_metro_only;w_bus_metro;d_metro_only;d_bus_metro,Bay Area Rapid Transit,16,3.2:0;1;2;3;4;6;7;8;9;10;11;12;13;14;15;16;17;18;19;20;21
1000212,1500208,1500229,metro,1,3.2,1,service_links,1422.6179483176013,7,999999,42.65720984460574,0,2,6999993,0.15,4,0,"LINESTRING (-122.268078 37.870117, -122.283508 37.874032)",w_metro_only;w_bus_metro;d_metro_only;d_bus_metro,Bay Area Rapid Transit,17,3.2:0;1;2;3;4;6;7;8;9;10;11;12;13;14;15;16;17;18;19;20;21
1000213,1500229,1500232,metro,1,3.2,1,service_links,3455.0739718031496,7,999999,69.07845328,0,3,6999993,0.15,4,0,"LINESTRING (-122.283508 37.874032, -122.298895 37.902633)",w_metro_only;w_bus_metro;d_metro_only;d_bus_metro,Bay Area Rapid Transit,18,3.2:0;1;2;3;4;6;7;8;9;10;11;12;13;14;15;16;17;18;19;20;21
1000214,1500232,1500211,metro,1,3.2,1,service_links,2964.036555443171,7,999999,59.26097744971352,0,3,6999993,0.15,4,0,"LINESTRING (-122.298895 37.902633, -122.316868 37.925205)",w_metro_only;w_bus_metro;d_metro_only;d_bus_metro,Bay Area Rapid Transit,19,3.2:0;1;2;3;4;6;7;8;9;10;11;12;13;14;15;16;17;18;19;20;21
1000215,1500211,1500235,metro,1,3.2,1,service_links,3421.319530459786,7,999999,41.047624840549325,0,5,6999993,0.15,4,0,"LINESTRING (-122.316868 37.925205, -122.353004 37.936795)",w_metro_only;w_bus_metro;d_metro_only;d_bus_metro,Bay Area Rapid Transit,20,3.2:0;1;2;3;4;6;7;8;9;10;11;12;13;14;15;16;17;18;19;20;21
1000216,1500214,1500244,metro,1,3.2,1,service_links,5146.7800084641685,1,999999,61.74901029951011,0,5,999999,0.15,4,0,"LINESTRING (-121.976605 37.557513, -122.01723 37.590765)",w_metro_only;w_bus_metro;d_metro_only;d_bus_metro,Bay Area Rapid Transit,0,3.2:0;1;3;4;5;6;7;8;9;10;11;12;13;14;15;16;17;18
1000217,1500244,1500242,metro,1,3.2,1,service_links,5989.260180608332,1,999999,71.85675081713656,0,5,999999,0.15,4,0,"LINESTRING (-122.01723 37.590765, -122.057158 37.634363)",w_metro_only;w_bus_metro;d_metro_only;d_bus_metro,Bay Area Rapid Transit,1,3.2:0;1;3;4;5;6;7;8;9;10;11;12;13;14;15;16;17;18
1000218,1500242,1500220,metro,1,3.2,1,service_links,4726.665156,1,999999,70.88225677040124,0,4,999999,0.15,4,0,"LINESTRING (-122.057158 37.634363, -122.086941 37.669731)",w_metro_only;w_bus_metro;d_metro_only;d_bus_metro,Bay Area Rapid Transit,3,3.2:0;1;3;4;5;6;7;8;9;10;11;12;13;14;15;16;17;18
1000219,1500220,1500202,metro,1,3.2,1,service_links,4607.464536906908,1,999999,69.09469438,0,4,999999,0.15,4,0,"LINESTRING (-122.086941 37.669731, -122.126431 37.696938)",w_metro_only;w_bus_metro;d_metro_only;d_bus_metro,Bay Area Rapid Transit,4,3.2:0;1;3;4;5;6;7;8;9;10;11;12;13;14;15;16;17;18
1000220,1500202,1500239,metro,1,3.2,1,service_links,4091.583584278221,1,999999,81.80440355104741,0,3,999999,0.15,4,0,"LINESTRING (-122.126431 37.696938, -122.160713 37.721806)",w_metro_only;w_bus_metro;d_metro_only;d_bus_metro,Bay Area Rapid Transit,5,3.2:0;1;3;4;5;6;7;8;9;10;11;12;13;14;15;16;17;18
1000221,1500239,1500206,metro,1,3.2,1,service_links,4744.979404433252,1,999999,71.15690184103852,0,4,999999,0.15,4,0,"LINESTRING (-122.160713 37.721806, -122.196698 37.753604)",w_metro_only;w_bus_metro;d_metro_only;d_bus_metro,Bay Area Rapid Transit,6,3.2:0;1;3;4;5;6;7;8;9;10;11;12;13;14;15;16;17;18
1000222,1500206,1500217,metro,1,3.2,1,service_links,3373.618681288019,1,999999,50.59163231124248,0,4,999999,0.15,4,0,"LINESTRING (-122.196698 37.753604, -122.224067 37.774873)",w_metro_only;w_bus_metro;d_metro_only;d_bus_metro,Bay Area Rapid Transit,7,3.2:0;1;3;4;5;6;7;8;9;10;11;12;13;14;15;16;17;18
1000223,1500217,1500223,metro,1,3.2,1,service_links,4397.3568171110965,1,999999,65.94386629009392,0,4,999999,0.15,4,0,"LINESTRING (-122.224067 37.774873, -122.265232 37.797357)",w_metro_only;w_bus_metro;d_metro_only;d_bus_metro,Bay Area Rapid Transit,8,3.2:0;1;3;4;5;6;7;8;9;10;11;12;13;14;15;16;17;18
1000224,1500223,1500193,metro,1,3.2,1,service_links,879.8561407943612,1,999999,17.591259062866268,0,3,999999,0.15,4,0,"LINESTRING (-122.265232 37.797357, -122.271589 37.803471)",w_metro_only;w_bus_metro;d_metro_only;d_bus_metro,Bay Area Rapid Transit,9,3.2:0;1;3;4;5;6;7;8;9;10;11;12;13;14;15;16;17;18
1000225,1500193,1500196,metro,1,3.2,1,service_links,569.0534525773261,1,999999,34.10909805658299,0,1,999999,0.15,4,0,"LINESTRING (-122.271589 37.803471, -122.268722 37.80806)",w_metro_only;w_bus_metro;d_metro_only;d_bus_metro,Bay Area Rapid Transit,10,3.2:0;1;3;4;5;6;7;8;9;10;11;12;13;14;15;16;17;18
1000226,1500196,1500226,metro,1,3.2,1,service_links,2311.798995894363,1,999999,34.66831785895071,0,4,999999,0.15,4,0,"LINESTRING (-122.268722 37.80806, -122.267163 37.828814)",w_metro_only;w_bus_metro;d_metro_only;d_bus_metro,Bay Area Rapid Transit,11,3.2:0;1;3;4;5;6;7;8;9;10;11;12;13;14;15;16;17;18
1000227,1500226,1500199,metro,1,3.2,1,service_links,2706.5833354245424,1,999999,40.58860288064797,0,4,999999,0.15,4,0,"LINESTRING (-122.267163 37.828814, -122.26975 37.853069)",w_metro_only;w_bus_metro;d_metro_only;d_bus_metro,Bay Area Rapid Transit,12,3.2:0;1;3;4;5;6;7;8;9;10;11;12;13;14;15;16;17;18
1000228,1500199,1500209,metro,1,3.2,1,service_links,1901.3253023863492,1,999999,57.011253444868046,0,2,999999,0.15,4,0,"LINESTRING (-122.26975 37.853069, -122.268078 37.870117)",w_metro_only;w_bus_metro;d_metro_only;d_bus_metro,Bay Area Rapid Transit,13,3.2:0;1;3;4;5;6;7;8;9;10;11;12;13;14;15;16;17;18
1000229,1500209,1500230,metro,1,3.2,1,service_links,1422.6179483176013,1,999999,42.65720984460574,0,2,999999,0.15,4,0,"LINESTRING (-122.268078 37.870117, -122.283508 37.874032)",w_metro_only;w_bus_metro;d_metro_only;d_bus_metro,Bay Area Rapid Transit,14,3.2:0;1;3;4;5;6;7;8;9;10;11;12;13;14;15;16;17;18
1000230,1500230,1500233,metro,1,3.2,1,service_links,3455.0739718031496,1,999999,69.07845328,0,3,999999,0.15,4,0,"LINESTRING (-122.283508 37.874032, -122.298895 37.902633)",w_metro_only;w_bus_metro;d_metro_only;d_bus_metro,Bay Area Rapid Transit,15,3.2:0;1;3;4;5;6;7;8;9;10;11;12;13;14;15;16;17;18
1000231,1500233,1500212,metro,1,3.2,1,service_links,2964.036555443171,1,999999,59.26097744971352,0,3,999999,0.15,4,0,"LINESTRING (-122.298895 37.902633, -122.316868 37.925205)",w_metro_only;w_bus_metro;d_metro_only;d_bus_metro,Bay Area Rapid Transit,16,3.2:0;1;3;4;5;6;7;8;9;10;11;12;13;14;15;16;17;18
1000232,1500212,1500236,metro,1,3.2,1,service_links,3421.319530459786,1,999999,41.047624840549325,0,5,999999,0.15,4,0,"LINESTRING (-122.316868 37.925205, -122.353004 37.936795)",w_metro_only;w_bus_metro;d_metro_only;d_bus_metro,Bay Area Rapid Transit,17,3.2:0;1;3;4;5;6;7;8;9;10;11;12;13;14;15;16;17;18
1000233,1500262,1500253,metro,1,4.1,1,service_links,3421.319530459786,7,999999,51.30696621534295,0,4,6999993,0.15,4,0,"LINESTRING (-122.353004 37.936795, -122.316868 37.925205)",w_metro_only;w_bus_metro;d_metro_only;d_bus_metro,Bay Area Rapid Transit,0,4.1:0;1;2;3;4;5;6;7;8;9;10;11;12;13;14;15;17;18;19;20;21
1000234,1500253,1500261,metro,1,4.1,1,service_links,2964.036555443171,7,999999,59.26097744971352,0,3,6999993,0.15,4,0,"LINESTRING (-122.316868 37.925205, -122.298895 37.902633)",w_metro_only;w_bus_metro;d_metro_only;d_bus_metro,Bay Area Rapid Transit,1,4.1:0;1;2;3;4;5;6;7;8;9;10;11;12;13;14;15;17;18;19;20;21
1000235,1500261,1500260,metro,1,4.1,1,service_links,3455.0739718031496,7,999999,69.07845328,0,3,6999993,0.15,4,0,"LINESTRING (-122.298895 37.902633, -122.283508 37.874032)",w_metro_only;w_bus_metro;d_metro_only;d_bus_metro,Bay Area Rapid Transit,2,4.1:0;1;2;3;4;5;6;7;8;9;10;11;12;13;14;15;17;18;19;20;21
1000236,1500260,1500252,metro,1,4.1,1,service_links,1422.6179483176013,7,999999,28.442878007016358,0,3,6999993,0.15,4,0,"LINESTRING (-122.283508 37.874032, -122.268078 37.870117)",w_metro_only;w_bus_metro;d_metro_only;d_bus_metro,Bay Area Rapid Transit,3,4.1:0;1;2;3;4;5;6;7;8;9;10;11;12;13;14;15;17;18;19;20;21
1000237,1500252,1500248,metro,1,4.1,1,service_links,1901.3253023863492,7,999999,57.011253444868046,0,2,6999993,0.15,4,0,"LINESTRING (-122.268078 37.870117, -122.26975 37.853069)",w_metro_only;w_bus_metro;d_metro_only;d_bus_metro,Bay Area Rapid Transit,4,4.1:0;1;2;3;4;5;6;7;8;9;10;11;12;13;14;15;17;18;19;20;21
1000238,1500248,1500258,metro,1,4.1,1,service_links,2706.5833354245424,7,999999,54.11362883221345,0,3,6999993,0.15,4,0,"LINESTRING (-122.26975 37.853069, -122.267163 37.828814)",w_metro_only;w_bus_metro;d_metro_only;d_bus_metro,Bay Area Rapid Transit,5,4.1:0;1;2;3;4;5;6;7;8;9;10;11;12;13;14;15;17;18;19;20;21
1000239,1500258,1500247,metro,1,4.1,1,service_links,2311.798995894363,7,999999,23.114137602676514,0,6,6999993,0.15,4,0,"LINESTRING (-122.267163 37.828814, -122.268722 37.80806)",w_metro_only;w_bus_metro;d_metro_only;d_bus_metro,Bay Area Rapid Transit,6,4.1:0;1;2;3;4;5;6;7;8;9;10;11;12;13;14;15;17;18;19;20;21
1000240,1500247,1500246,metro,1,4.1,1,service_links,569.0534525773261,7,999999,17.063072041299137,0,2,6999993,0.15,4,0,"LINESTRING (-122.268722 37.80806, -122.271589 37.803471)",w_metro_only;w_bus_metro;d_metro_only;d_bus_metro,Bay Area Rapid Transit,7,4.1:0;1;2;3;4;5;6;7;8;9;10;11;12;13;14;15;17;18;19;20;21
1000241,1500246,1500257,metro,1,4.1,1,service_links,879.8561407943612,7,999999,17.591259062866268,0,3,6999993,0.15,4,0,"LINESTRING (-122.271589 37.803471, -122.265232 37.797357)",w_metro_only;w_bus_metro;d_metro_only;d_bus_metro,Bay Area Rapid Transit,8,4.1:0;1;2;3;4;5;6;7;8;9;10;11;12;13;14;15;17;18;19;20;21
1000242,1500257,1500255,metro,1,4.1,1,service_links,4397.3568171110965,7,999999,65.94386629009392,0,4,6999993,0.15,4,0,"LINESTRING (-122.265232 37.797357, -122.224067 37.774873)",w_metro_only;w_bus_metro;d_metro_only;d_bus_metro,Bay Area Rapid Transit,9,4.1:0;1;2;3;4;5;6;7;8;9;10;11;12;13;14;15;17;18;19;20;21
1000243,1500255,1500251,metro,1,4.1,1,service_links,3373.618681288019,7,999999,67.44989032898405,0,3,6999993,0.15,4,0,"LINESTRING (-122.224067 37.774873, -122.196698 37.753604)",w_metro_only;w_bus_metro;d_metro_only;d_bus_metro,Bay Area Rapid Transit,10,4.1:0;1;2;3;4;5;6;7;8;9;10;11;12;13;14;15;17;18;19;20;21
1000244,1500251,1500263,metro,1,4.1,1,service_links,4744.979404433252,7,999999,56.928367179763065,0,5,6999993,0.15,4,0,"LINESTRING (-122.196698 37.753604, -122.160713 37.721806)",w_metro_only;w_bus_metro;d_metro_only;d_bus_metro,Bay Area Rapid Transit,11,4.1:0;1;2;3;4;5;6;7;8;9;10;11;12;13;14;15;17;18;19;20;21
1000245,1500263,1500249,metro,1,4.1,1,service_links,4091.583584278221,7,999999,61.35841416063316,0,4,6999993,0.15,4,0,"LINESTRING (-122.160713 37.721806, -122.126431 37.696938)",w_metro_only;w_bus_metro;d_metro_only;d_bus_metro,Bay Area Rapid Transit,12,4.1:0;1;2;3;4;5;6;7;8;9;10;11;12;13;14;15;17;18;19;20;21
1000246,1500249,1500256,metro,1,4.1,1,service_links,4607.464536906908,7,999999,69.09469438,0,4,6999993,0.15,4,0,"LINESTRING (-122.126431 37.696938, -122.086941 37.669731)",w_metro_only;w_bus_metro;d_metro_only;d_bus_metro,Bay Area Rapid Transit,13,4.1:0;1;2;3;4;5;6;7;8;9;10;11;12;13;14;15;17;18;19;20;21
1000247,1500256,1500264,metro,1,4.1,1,service_links,4726.665156,7,999999,70.88225677040124,0,4,6999993,0.15,4,0,"LINESTRING (-122.086941 37.669731, -122.057158 37.634363)",w_metro_only;w_bus_metro;d_metro_only;d_bus_metro,Bay Area Rapid Transit,14,4.1:0;1;2;3;4;5;6;7;8;9;10;11;12;13;14;15;17;18;19;20;21
1000248,1500264,1500265,metro,1,4.1,1,service_links,5989.260180608332,7,999999,71.85675081713656,0,5,6999993,0.15,4,0,"LINESTRING (-122.057158 37.634363, -122.01723 37.590765)",w_metro_only;w_bus_metro;d_metro_only;d_bus_metro,Bay Area Rapid Transit,15,4.1:0;1;2;3;4;5;6;7;8;9;10;11;12;13;14;15;17;18;19;20;21
1000249,1500265,1500254,metro,1,4.1,1,service_links,5146.7800084641685,7,999999,61.74901029951011,0,5,6999993,0.15,4,0,"LINESTRING (-122.01723 37.590765, -121.976605 37.557513)",w_metro_only;w_bus_metro;d_metro_only;d_bus_metro,Bay Area Rapid Transit,17,4.1:0;1;2;3;4;5;6;7;8;9;10;11;12;13;14;15;17;18;19;20;21
1000250,1500254,1500266,metro,1,4.1,1,service_links,6962.087399753771,7,999999,69.60927245212902,0,6,6999993,0.15,4,0,"LINESTRING (-121.976605 37.557513, -121.939358 37.502307)",w_metro_only;w_bus_metro;d_metro_only;d_bus_metro,Bay Area Rapid Transit,18,4.1:0;1;2;3;4;5;6;7;8;9;10;11;12;13;14;15;17;18;19;20;21
1000251,1500266,1500259,metro,1,4.1,1,service_links,11139.77773047538,7,999999,74.25693409938037,0,9,6999993,0.15,4,0,"LINESTRING (-121.939358 37.502307, -121.890803 37.409836)",w_metro_only;w_bus_metro;d_metro_only;d_bus_metro,Bay Area Rapid Transit,19,4.1:0;1;2;3;4;5;6;7;8;9;10;11;12;13;14;15;17;18;19;20;21
1000252,1500259,1500250,metro,1,4.1,1,service_links,4813.040565816075,7,999999,57.74493780223244,0,5,6999993,0.15,4,0,"LINESTRING (-121.890803 37.409836, -121.874661 37.368495)",w_metro_only;w_bus_metro;d_metro_only;d_bus_metro,Bay Area Rapid Transit,20,4.1:0;1;2;3;4;5;6;7;8;9;10;11;12;13;14;15;17;18;19;20;21
1000253,1500300,1500289,metro,1,5.1,1,service_links,4726.665156,2,999999,70.88225677040124,0,4,1999998,0.15,4,0,"LINESTRING (-122.057158 37.634363, -122.086941 37.669731)",w_metro_only;w_bus_metro;d_metro_only;d_bus_metro,Bay Area Rapid Transit,0,5.1:0;1;2;3;4;5;6;7;8;9;10;11;12;13;14;15;16
1000254,1500289,1500273,metro,1,5.1,1,service_links,4607.464536906908,2,999999,69.09469438,0,4,1999998,0.15,4,0,"LINESTRING (-122.086941 37.669731, -122.126431 37.696938)",w_metro_only;w_bus_metro;d_metro_only;d_bus_metro,Bay Area Rapid Transit,1,5.1:0;1;2;3;4;5;6;7;8;9;10;11;12;13;14;15;16
1000255,1500273,1500298,metro,1,5.1,1,service_links,4091.583584278221,2,999999,81.80440355104741,0,3,1999998,0.15,4,0,"LINESTRING (-122.126431 37.696938, -122.160713 37.721806)",w_metro_only;w_bus_metro;d_metro_only;d_bus_metro,Bay Area Rapid Transit,2,5.1:0;1;2;3;4;5;6;7;8;9;10;11;12;13;14;15;16
1000256,1500298,1500278,metro,1,5.1,1,service_links,4744.979404433252,2,999999,71.15690184103852,0,4,1999998,0.15,4,0,"LINESTRING (-122.160713 37.721806, -122.196698 37.753604)",w_metro_only;w_bus_metro;d_metro_only;d_bus_metro,Bay Area Rapid Transit,3,5.1:0;1;2;3;4;5;6;7;8;9;10;11;12;13;14;15;16
1000257,1500278,1500285,metro,1,5.1,1,service_links,3373.618681288019,2,999999,50.59163231124248,0,4,1999998,0.15,4,0,"LINESTRING (-122.196698 37.753604, -122.224067 37.774873)",w_metro_only;w_bus_metro;d_metro_only;d_bus_metro,Bay Area Rapid Transit,4,5.1:0;1;2;3;4;5;6;7;8;9;10;11;12;13;14;15;16
1000258,1500285,1500291,metro,1,5.1,1,service_links,4397.3568171110965,2,999999,65.94386629009392,0,4,1999998,0.15,4,0,"LINESTRING (-122.224067 37.774873, -122.265232 37.797357)",w_metro_only;w_bus_metro;d_metro_only;d_bus_metro,Bay Area Rapid Transit,5,5.1:0;1;2;3;4;5;6;7;8;9;10;11;12;13;14;15;16
1000259,1500291,1500304,metro,1,5.1,1,service_links,2759.4401680673614,2,999999,27.58980338011026,0,6,1999998,0.15,4,0,"LINESTRING (-122.265232 37.797357, -122.295144 37.804923)",w_metro_only;w_bus_metro;d_metro_only;d_bus_metro,Bay Area Rapid Transit,6,5.1:0;1;2;3;4;5;6;7;8;9;10;11;12;13;14;15;16
1000260,1500304,1500282,metro,1,5.1,1,service_links,9057.418976577976,2,999999,77.62393066628746,0,7,1999998,0.15,4,0,"LINESTRING (-122.295144 37.804923, -122.39708 37.792789)",w_metro_only;w_bus_metro;d_metro_only;d_bus_metro,Bay Area Rapid Transit,7,5.1:0;1;2;3;4;5;6;7;8;9;10;11;12;13;14;15;16
1000261,1500282,1500294,metro,1,5.1,1,service_links,564.6328100615432,2,999999,33.84412447921338,0,1,1999998,0.15,4,0,"LINESTRING (-122.39708 37.792789, -122.401642 37.789213)",w_metro_only;w_bus_metro;d_metro_only;d_bus_metro,Bay Area Rapid Transit,8,5.1:0;1;2;3;4;5;6;7;8;9;10;11;12;13;14;15;16
1000262,1500294,1500296,metro,1,5.1,1,service_links,716.1543495997415,2,999999,21.47389354122164,0,2,1999998,0.15,4,0,"LINESTRING (-122.401642 37.789213, -122.407387 37.784645)",w_metro_only;w_bus_metro;d_metro_only;d_bus_metro,Bay Area Rapid Transit,9,5.1:0;1;2;3;4;5;6;7;8;9;10;11;12;13;14;15;16
1000263,1500296,1500276,metro,1,5.1,1,service_links,811.9095115232317,2,999999,24.345112789302302,0,2,1999998,0.15,4,0,"LINESTRING (-122.407387 37.784645, -122.413879 37.77945)",w_metro_only;w_bus_metro;d_metro_only;d_bus_metro,Bay Area Rapid Transit,10,5.1:0;1;2;3;4;5;6;7;8;9;10;11;12;13;14;15;16
1000264,1500276,1500267,metro,1,5.1,1,service_links,1669.1103973379654,2,999999,50.048287776250845,0,2,1999998,0.15,4,0,"LINESTRING (-122.413879 37.77945, -122.419755 37.765176)",w_metro_only;w_bus_metro;d_metro_only;d_bus_metro,Bay Area Rapid Transit,11,5.1:0;1;2;3;4;5;6;7;8;9;10;11;12;13;14;15;16
1000265,1500267,1500269,metro,1,5.1,1,service_links,1422.3432218770677,2,999999,42.64897217022692,0,2,1999998,0.15,4,0,"LINESTRING (-122.419755 37.765176, -122.418518 37.752422)",w_metro_only;w_bus_metro;d_metro_only;d_bus_metro,Bay Area Rapid Transit,12,5.1:0;1;2;3;4;5;6;7;8;9;10;11;12;13;14;15;16
1000266,1500269,1500287,metro,1,5.1,1,service_links,2506.859769713857,2,999999,50.120488564755554,0,3,1999998,0.15,4,0,"LINESTRING (-122.418518 37.752422, -122.433557 37.733269)",w_metro_only;w_bus_metro;d_metro_only;d_bus_metro,Bay Area Rapid Transit,13,5.1:0;1;2;3;4;5;6;7;8;9;10;11;12;13;14;15;16
1000267,1500287,1500271,metro,1,5.1,1,service_links,1773.1772010193392,2,999999,53.16873166,0,2,1999998,0.15,4,0,"LINESTRING (-122.433557 37.733269, -122.44751 37.721758)",w_metro_only;w_bus_metro;d_metro_only;d_bus_metro,Bay Area Rapid Transit,14,5.1:0;1;2;3;4;5;6;7;8;9;10;11;12;13;14;15;16
1000268,1500271,1500280,metro,1,5.1,1,service_links,2554.2680021472734,2,999999,38.304443921228795,0,4,1999998,0.15,4,0,"LINESTRING (-122.44751 37.721758, -122.468994 37.706304)",w_metro_only;w_bus_metro;d_metro_only;d_bus_metro,Bay Area Rapid Transit,15,5.1:0;1;2;3;4;5;6;7;8;9;10;11;12;13;14;15;16
1000269,1500275,1500293,metro,1,5.1,1,service_links,4813.040565816075,7,999999,72.17756409621707,0,4,6999993,0.15,4,0,"LINESTRING (-121.874661 37.368495, -121.890803 37.409836)",w_metro_only;w_bus_metro;d_metro_only;d_bus_metro,Bay Area Rapid Transit,0,5.1:0;1;2;3;4;6;7;8;9;10;11;12;13;14;15;16;17;18;19;20;21;22
1000270,1500293,1500303,metro,1,5.1,1,service_links,11139.77773047538,7,999999,83.53789074222259,0,8,6999993,0.15,4,0,"LINESTRING (-121.890803 37.409836, -121.939358 37.502307)",w_metro_only;w_bus_metro;d_metro_only;d_bus_metro,Bay Area Rapid Transit,1,5.1:0;1;2;3;4;6;7;8;9;10;11;12;13;14;15;16;17;18;19;20;21;22
1000271,1500303,1500284,metro,1,5.1,1,service_links,6962.087399753771,7,999999,69.60927245212902,0,6,6999993,0.15,4,0,"LINESTRING (-121.939358 37.502307, -121.976605 37.557513)",w_metro_only;w_bus_metro;d_metro_only;d_bus_metro,Bay Area Rapid Transit,2,5.1:0;1;2;3;4;6;7;8;9;10;11;12;13;14;15;16;17;18;19;20;21;22
1000272,1500284,1500302,metro,1,5.1,1,service_links,5146.7800084641685,7,999999,61.74901029951011,0,5,6999993,0.15,4,0,"LINESTRING (-121.976605 37.557513, -122.01723 37.590765)",w_metro_only;w_bus_metro;d_metro_only;d_bus_metro,Bay Area Rapid Transit,3,5.1:0;1;2;3;4;6;7;8;9;10;11;12;13;14;15;16;17;18;19;20;21;22
1000273,1500302,1500301,metro,1,5.1,1,service_links,5989.260180608332,7,999999,71.85675081713656,0,5,6999993,0.15,4,0,"LINESTRING (-122.01723 37.590765, -122.057158 37.634363)",w_metro_only;w_bus_metro;d_metro_only;d_bus_metro,Bay Area Rapid Transit,4,5.1:0;1;2;3;4;6;7;8;9;10;11;12;13;14;15;16;17;18;19;20;21;22
1000274,1500301,1500290,metro,1,5.1,1,service_links,4726.665156,7,999999,70.88225677040124,0,4,6999993,0.15,4,0,"LINESTRING (-122.057158 37.634363, -122.086941 37.669731)",w_metro_only;w_bus_metro;d_metro_only;d_bus_metro,Bay Area Rapid Transit,6,5.1:0;1;2;3;4;6;7;8;9;10;11;12;13;14;15;16;17;18;19;20;21;22
1000275,1500290,1500274,metro,1,5.1,1,service_links,4607.464536906908,7,999999,69.09469438,0,4,6999993,0.15,4,0,"LINESTRING (-122.086941 37.669731, -122.126431 37.696938)",w_metro_only;w_bus_metro;d_metro_only;d_bus_metro,Bay Area Rapid Transit,7,5.1:0;1;2;3;4;6;7;8;9;10;11;12;13;14;15;16;17;18;19;20;21;22
1000276,1500274,1500299,metro,1,5.1,1,service_links,4091.583584278221,7,999999,81.80440355104741,0,3,6999993,0.15,4,0,"LINESTRING (-122.126431 37.696938, -122.160713 37.721806)",w_metro_only;w_bus_metro;d_metro_only;d_bus_metro,Bay Area Rapid Transit,8,5.1:0;1;2;3;4;6;7;8;9;10;11;12;13;14;15;16;17;18;19;20;21;22
1000277,1500299,1500279,metro,1,5.1,1,service_links,4744.979404433252,7,999999,71.15690184103852,0,4,6999993,0.15,4,0,"LINESTRING (-122.160713 37.721806, -122.196698 37.753604)",w_metro_only;w_bus_metro;d_metro_only;d_bus_metro,Bay Area Rapid Transit,9,5.1:0;1;2;3;4;6;7;8;9;10;11;12;13;14;15;16;17;18;19;20;21;22
1000278,1500279,1500286,metro,1,5.1,1,service_links,3373.618681288019,7,999999,50.59163231124248,0,4,6999993,0.15,4,0,"LINESTRING (-122.196698 37.753604, -122.224067 37.774873)",w_metro_only;w_bus_metro;d_metro_only;d_bus_metro,Bay Area Rapid Transit,10,5.1:0;1;2;3;4;6;7;8;9;10;11;12;13;14;15;16;17;18;19;20;21;22
1000279,1500286,1500292,metro,1,5.1,1,service_links,4397.3568171110965,7,999999,65.94386629009392,0,4,6999993,0.15,4,0,"LINESTRING (-122.224067 37.774873, -122.265232 37.797357)",w_metro_only;w_bus_metro;d_metro_only;d_bus_metro,Bay Area Rapid Transit,11,5.1:0;1;2;3;4;6;7;8;9;10;11;12;13;14;15;16;17;18;19;20;21;22
1000280,1500292,1500305,metro,1,5.1,1,service_links,2759.4401680673614,7,999999,27.58980338011026,0,6,6999993,0.15,4,0,"LINESTRING (-122.265232 37.797357, -122.295144 37.804923)",w_metro_only;w_bus_metro;d_metro_only;d_bus_metro,Bay Area Rapid Transit,12,5.1:0;1;2;3;4;6;7;8;9;10;11;12;13;14;15;16;17;18;19;20;21;22
1000281,1500305,1500283,metro,1,5.1,1,service_links,9057.418976577976,7,999999,77.62393066628746,0,7,6999993,0.15,4,0,"LINESTRING (-122.295144 37.804923, -122.39708 37.792789)",w_metro_only;w_bus_metro;d_metro_only;d_bus_metro,Bay Area Rapid Transit,13,5.1:0;1;2;3;4;6;7;8;9;10;11;12;13;14;15;16;17;18;19;20;21;22
1000282,1500283,1500295,metro,1,5.1,1,service_links,564.6328100615432,7,999999,33.84412447921338,0,1,6999993,0.15,4,0,"LINESTRING (-122.39708 37.792789, -122.401642 37.789213)",w_metro_only;w_bus_metro;d_metro_only;d_bus_metro,Bay Area Rapid Transit,14,5.1:0;1;2;3;4;6;7;8;9;10;11;12;13;14;15;16;17;18;19;20;21;22
1000283,1500295,1500297,metro,1,5.1,1,service_links,716.1543495997415,7,999999,21.47389354122164,0,2,6999993,0.15,4,0,"LINESTRING (-122.401642 37.789213, -122.407387 37.784645)",w_metro_only;w_bus_metro;d_metro_only;d_bus_metro,Bay Area Rapid Transit,15,5.1:0;1;2;3;4;6;7;8;9;10;11;12;13;14;15;16;17;18;19;20;21;22
1000284,1500297,1500277,metro,1,5.1,1,service_links,811.9095115232317,7,999999,24.345112789302302,0,2,6999993,0.15,4,0,"LINESTRING (-122.407387 37.784645, -122.413879 37.77945)",w_metro_only;w_bus_metro;d_metro_only;d_bus_metro,Bay Area Rapid Transit,16,5.1:0;1;2;3;4;6;7;8;9;10;11;12;13;14;15;16;17;18;19;20;21;22
1000285,1500277,1500268,metro,1,5.1,1,service_links,1669.1103973379654,7,999999,50.048287776250845,0,2,6999993,0.15,4,0,"LINESTRING (-122.413879 37.77945, -122.419755 37.765176)",w_metro_only;w_bus_metro;d_metro_only;d_bus_metro,Bay Area Rapid Transit,17,5.1:0;1;2;3;4;6;7;8;9;10;11;12;13;14;15;16;17;18;19;20;21;22
1000286,1500268,1500270,metro,1,5.1,1,service_links,1422.3432218770677,7,999999,42.64897217022692,0,2,6999993,0.15,4,0,"LINESTRING (-122.419755 37.765176, -122.418518 37.752422)",w_metro_only;w_bus_metro;d_metro_only;d_bus_metro,Bay Area Rapid Transit,18,5.1:0;1;2;3;4;6;7;8;9;10;11;12;13;14;15;16;17;18;19;20;21;22
1000287,1500270,1500288,metro,1,5.1,1,service_links,2506.859769713857,7,999999,50.120488564755554,0,3,6999993,0.15,4,0,"LINESTRING (-122.418518 37.752422, -122.433557 37.733269)",w_metro_only;w_bus_metro;d_metro_only;d_bus_metro,Bay Area Rapid Transit,19,5.1:0;1;2;3;4;6;7;8;9;10;11;12;13;14;15;16;17;18;19;20;21;22
1000288,1500288,1500272,metro,1,5.1,1,service_links,1773.1772010193392,7,999999,53.16873166,0,2,6999993,0.15,4,0,"LINESTRING (-122.433557 37.733269, -122.44751 37.721758)",w_metro_only;w_bus_metro;d_metro_only;d_bus_metro,Bay Area Rapid Transit,20,5.1:0;1;2;3;4;6;7;8;9;10;11;12;13;14;15;16;17;18;19;20;21;22
1000289,1500272,1500281,metro,1,5.1,1,service_links,2554.2680021472734,7,999999,38.304443921228795,0,4,6999993,0.15,4,0,"LINESTRING (-122.44751 37.721758, -122.468994 37.706304)",w_metro_only;w_bus_metro;d_metro_only;d_bus_metro,Bay Area Rapid Transit,21,5.1:0;1;2;3;4;6;7;8;9;10;11;12;13;14;15;16;17;18;19;20;21;22
1000290,1500328,1500316,metro,1,6.2,1,service_links,5146.7800084641685,1,999999,61.74901029951011,0,5,999999,0.15,4,0,"LINESTRING (-122.01723 37.590765, -121.976605 37.557513)",w_metro_only;w_bus_metro;d_metro_only;d_bus_metro,Bay Area Rapid Transit,0,6.2:0;1;2;3;4
1000291,1500316,1500330,metro,1,6.2,1,service_links,6962.087399753771,1,999999,69.60927245212902,0,6,999999,0.15,4,0,"LINESTRING (-121.976605 37.557513, -121.939358 37.502307)",w_metro_only;w_bus_metro;d_metro_only;d_bus_metro,Bay Area Rapid Transit,1,6.2:0;1;2;3;4
1000292,1500330,1500322,metro,1,6.2,1,service_links,11139.77773047538,1,999999,74.25693409938037,0,9,999999,0.15,4,0,"LINESTRING (-121.939358 37.502307, -121.890803 37.409836)",w_metro_only;w_bus_metro;d_metro_only;d_bus_metro,Bay Area Rapid Transit,2,6.2:0;1;2;3;4
1000293,1500322,1500310,metro,1,6.2,1,service_links,4813.040565816075,1,999999,72.17756409621707,0,4,999999,0.15,4,0,"LINESTRING (-121.890803 37.409836, -121.874661 37.368495)",w_metro_only;w_bus_metro;d_metro_only;d_bus_metro,Bay Area Rapid Transit,3,6.2:0;1;2;3;4
1000294,1500314,1500308,metro,1,6.2,1,service_links,2554.2680021472734,7,999999,51.06833726385752,0,3,6999993,0.15,4,0,"LINESTRING (-122.468994 37.706304, -122.44751 37.721758)",w_metro_only;w_bus_metro;d_metro_only;d_bus_metro,Bay Area Rapid Transit,0,6.2:0;1;2;3;4;5;6;7;8;9;10;11;12;13;14;15;16;18;19;20;21;22
1000295,1500308,1500319,metro,1,6.2,1,service_links,1773.1772010193392,7,999999,53.16873166,0,2,6999993,0.15,4,0,"LINESTRING (-122.44751 37.721758, -122.433557 37.733269)",w_metro_only;w_bus_metro;d_metro_only;d_bus_metro,Bay Area Rapid Transit,1,6.2:0;1;2;3;4;5;6;7;8;9;10;11;12;13;14;15;16;18;19;20;21;22
1000296,1500319,1500307,metro,1,6.2,1,service_links,2506.859769713857,7,999999,50.120488564755554,0,3,6999993,0.15,4,0,"LINESTRING (-122.433557 37.733269, -122.418518 37.752422)",w_metro_only;w_bus_metro;d_metro_only;d_bus_metro,Bay Area Rapid Transit,2,6.2:0;1;2;3;4;5;6;7;8;9;10;11;12;13;14;15;16;18;19;20;21;22
1000297,1500307,1500306,metro,1,6.2,1,service_links,1422.3432218770677,7,999999,42.64897217022692,0,2,6999993,0.15,4,0,"LINESTRING (-122.418518 37.752422, -122.419755 37.765176)",w_metro_only;w_bus_metro;d_metro_only;d_bus_metro,Bay Area Rapid Transit,3,6.2:0;1;2;3;4;5;6;7;8;9;10;11;12;13;14;15;16;18;19;20;21;22
1000298,1500306,1500312,metro,1,6.2,1,service_links,1669.1103973379654,7,999999,50.048287776250845,0,2,6999993,0.15,4,0,"LINESTRING (-122.419755 37.765176, -122.413879 37.77945)",w_metro_only;w_bus_metro;d_metro_only;d_bus_metro,Bay Area Rapid Transit,4,6.2:0;1;2;3;4;5;6;7;8;9;10;11;12;13;14;15;16;18;19;20;21;22
1000299,1500312,1500325,metro,1,6.2,1,service_links,811.9095115232317,7,999999,24.345112789302302,0,2,6999993,0.15,4,0,"LINESTRING (-122.413879 37.77945, -122.407387 37.784645)",w_metro_only;w_bus_metro;d_metro_only;d_bus_metro,Bay Area Rapid Transit,5,6.2:0;1;2;3;4;5;6;7;8;9;10;11;12;13;14;15;16;18;19;20;21;22
1000300,1500325,1500324,metro,1,6.2,1,service_links,716.1543495997415,7,999999,21.47389354122164,0,2,6999993,0.15,4,0,"LINESTRING (-122.407387 37.784645, -122.401642 37.789213)",w_metro_only;w_bus_metro;d_metro_only;d_bus_metro,Bay Area Rapid Transit,6,6.2:0;1;2;3;4;5;6;7;8;9;10;11;12;13;14;15;16;18;19;20;21;22
1000301,1500324,1500315,metro,1,6.2,1,service_links,564.6328100615432,7,999999,33.84412447921338,0,1,6999993,0.15,4,0,"LINESTRING (-122.401642 37.789213, -122.39708 37.792789)",w_metro_only;w_bus_metro;d_metro_only;d_bus_metro,Bay Area Rapid Transit,7,6.2:0;1;2;3;4;5;6;7;8;9;10;11;12;13;14;15;16;18;19;20;21;22
1000302,1500315,1500332,metro,1,6.2,1,service_links,9057.418976577976,7,999999,77.62393066628746,0,7,6999993,0.15,4,0,"LINESTRING (-122.39708 37.792789, -122.295144 37.804923)",w_metro_only;w_bus_metro;d_metro_only;d_bus_metro,Bay Area Rapid Transit,8,6.2:0;1;2;3;4;5;6;7;8;9;10;11;12;13;14;15;16;18;19;20;21;22
1000303,1500332,1500321,metro,1,6.2,1,service_links,2759.4401680673614,7,999999,27.58980338011026,0,6,6999993,0.15,4,0,"LINESTRING (-122.295144 37.804923, -122.265232 37.797357)",w_metro_only;w_bus_metro;d_metro_only;d_bus_metro,Bay Area Rapid Transit,9,6.2:0;1;2;3;4;5;6;7;8;9;10;11;12;13;14;15;16;18;19;20;21;22
1000304,1500321,1500318,metro,1,6.2,1,service_links,4397.3568171110965,7,999999,65.94386629009392,0,4,6999993,0.15,4,0,"LINESTRING (-122.265232 37.797357, -122.224067 37.774873)",w_metro_only;w_bus_metro;d_metro_only;d_bus_metro,Bay Area Rapid Transit,10,6.2:0;1;2;3;4;5;6;7;8;9;10;11;12;13;14;15;16;18;19;20;21;22
1000305,1500318,1500313,metro,1,6.2,1,service_links,3373.618681288019,7,999999,50.59163231124248,0,4,6999993,0.15,4,0,"LINESTRING (-122.224067 37.774873, -122.196698 37.753604)",w_metro_only;w_bus_metro;d_metro_only;d_bus_metro,Bay Area Rapid Transit,11,6.2:0;1;2;3;4;5;6;7;8;9;10;11;12;13;14;15;16;18;19;20;21;22
1000306,1500313,1500326,metro,1,6.2,1,service_links,4744.979404433252,7,999999,71.15690184103852,0,4,6999993,0.15,4,0,"LINESTRING (-122.196698 37.753604, -122.160713 37.721806)",w_metro_only;w_bus_metro;d_metro_only;d_bus_metro,Bay Area Rapid Transit,12,6.2:0;1;2;3;4;5;6;7;8;9;10;11;12;13;14;15;16;18;19;20;21;22
1000307,1500326,1500309,metro,1,6.2,1,service_links,4091.583584278221,7,999999,81.80440355104741,0,3,6999993,0.15,4,0,"LINESTRING (-122.160713 37.721806, -122.126431 37.696938)",w_metro_only;w_bus_metro;d_metro_only;d_bus_metro,Bay Area Rapid Transit,13,6.2:0;1;2;3;4;5;6;7;8;9;10;11;12;13;14;15;16;18;19;20;21;22
1000308,1500309,1500320,metro,1,6.2,1,service_links,4607.464536906908,7,999999,55.27851873913506,0,5,6999993,0.15,4,0,"LINESTRING (-122.126431 37.696938, -122.086941 37.669731)",w_metro_only;w_bus_metro;d_metro_only;d_bus_metro,Bay Area Rapid Transit,14,6.2:0;1;2;3;4;5;6;7;8;9;10;11;12;13;14;15;16;18;19;20;21;22
1000309,1500320,1500327,metro,1,6.2,1,service_links,4726.665156,7,999999,70.88225677040124,0,4,6999993,0.15,4,0,"LINESTRING (-122.086941 37.669731, -122.057158 37.634363)",w_metro_only;w_bus_metro;d_metro_only;d_bus_metro,Bay Area Rapid Transit,15,6.2:0;1;2;3;4;5;6;7;8;9;10;11;12;13;14;15;16;18;19;20;21;22
1000310,1500327,1500329,metro,1,6.2,1,service_links,5989.260180608332,7,999999,71.85675081713656,0,5,6999993,0.15,4,0,"LINESTRING (-122.057158 37.634363, -122.01723 37.590765)",w_metro_only;w_bus_metro;d_metro_only;d_bus_metro,Bay Area Rapid Transit,16,6.2:0;1;2;3;4;5;6;7;8;9;10;11;12;13;14;15;16;18;19;20;21;22
1000311,1500329,1500317,metro,1,6.2,1,service_links,5146.7800084641685,7,999999,61.74901029951011,0,5,6999993,0.15,4,0,"LINESTRING (-122.01723 37.590765, -121.976605 37.557513)",w_metro_only;w_bus_metro;d_metro_only;d_bus_metro,Bay Area Rapid Transit,18,6.2:0;1;2;3;4;5;6;7;8;9;10;11;12;13;14;15;16;18;19;20;21;22
1000312,1500317,1500331,metro,1,6.2,1,service_links,6962.087399753771,7,999999,69.60927245212902,0,6,6999993,0.15,4,0,"LINESTRING (-121.976605 37.557513, -121.939358 37.502307)",w_metro_only;w_bus_metro;d_metro_only;d_bus_metro,Bay Area Rapid Transit,19,6.2:0;1;2;3;4;5;6;7;8;9;10;11;12;13;14;15;16;18;19;20;21;22
1000313,1500331,1500323,metro,1,6.2,1,service_links,11139.77773047538,7,999999,74.25693409938037,0,9,6999993,0.15,4,0,"LINESTRING (-121.939358 37.502307, -121.890803 37.409836)",w_metro_only;w_bus_metro;d_metro_only;d_bus_metro,Bay Area Rapid Transit,20,6.2:0;1;2;3;4;5;6;7;8;9;10;11;12;13;14;15;16;18;19;20;21;22
1000314,1500323,1500311,metro,1,6.2,1,service_links,4813.040565816075,7,999999,72.17756409621707,0,4,6999993,0.15,4,0,"LINESTRING (-121.890803 37.409836, -121.874661 37.368495)",w_metro_only;w_bus_metro;d_metro_only;d_bus_metro,Bay Area Rapid Transit,21,6.2:0;1;2;3;4;5;6;7;8;9;10;11;12;13;14;15;16;18;19;20;21;22
1000315,1500352,1500343,metro,1,7.1,1,service_links,3421.319530459786,7,999999,51.30696621534295,0,4,6999993,0.15,4,0,"LINESTRING (-122.353004 37.936795, -122.316868 37.925205)",w_metro_only;w_bus_metro;d_metro_only;d_bus_metro,Bay Area Rapid Transit,0,7.1:0;1;2;3;4;5;6;7;8;9;10;11;12;13;14;15;16;17;18;19;20;21;22;23;24
1000316,1500343,1500350,metro,1,7.1,1,service_links,2964.036555443171,7,999999,59.26097744971352,0,3,6999993,0.15,4,0,"LINESTRING (-122.316868 37.925205, -122.298895 37.902633)",w_metro_only;w_bus_metro;d_metro_only;d_bus_metro,Bay Area Rapid Transit,1,7.1:0;1;2;3;4;5;6;7;8;9;10;11;12;13;14;15;16;17;18;19;20;21;22;23;24
1000317,1500350,1500349,metro,1,7.1,1,service_links,3455.0739718031496,7,999999,51.81315628797525,0,4,6999993,0.15,4,0,"LINESTRING (-122.298895 37.902633, -122.283508 37.874032)",w_metro_only;w_bus_metro;d_metro_only;d_bus_metro,Bay Area Rapid Transit,2,7.1:0;1;2;3;4;5;6;7;8;9;10;11;12;13;14;15;16;17;18;19;20;21;22;23;24
1000318,1500349,1500342,metro,1,7.1,1,service_links,1422.6179483176013,7,999999,42.65720984460574,0,2,6999993,0.15,4,0,"LINESTRING (-122.283508 37.874032, -122.268078 37.870117)",w_metro_only;w_bus_metro;d_metro_only;d_bus_metro,Bay Area Rapid Transit,3,7.1:0;1;2;3;4;5;6;7;8;9;10;11;12;13;14;15;16;17;18;19;20;21;22;23;24
1000319,1500342,1500337,metro,1,7.1,1,service_links,1901.3253023863492,7,999999,57.011253444868046,0,2,6999993,0.15,4,0,"LINESTRING (-122.268078 37.870117, -122.26975 37.853069)",w_metro_only;w_bus_metro;d_metro_only;d_bus_metro,Bay Area Rapid Transit,4,7.1:0;1;2;3;4;5;6;7;8;9;10;11;12;13;14;15;16;17;18;19;20;21;22;23;24
1000320,1500337,1500346,metro,1,7.1,1,service_links,2706.5833354245424,7,999999,40.58860288064797,0,4,6999993,0.15,4,0,"LINESTRING (-122.26975 37.853069, -122.267163 37.828814)",w_metro_only;w_bus_metro;d_metro_only;d_bus_metro,Bay Area Rapid Transit,5,7.1:0;1;2;3;4;5;6;7;8;9;10;11;12;13;14;15;16;17;18;19;20;21;22;23;24
1000321,1500346,1500335,metro,1,7.1,1,service_links,2311.798995894363,7,999999,46.22057306020052,0,3,6999993,0.15,4,0,"LINESTRING (-122.267163 37.828814, -122.268722 37.80806)",w_metro_only;w_bus_metro;d_metro_only;d_bus_metro,Bay Area Rapid Transit,6,7.1:0;1;2;3;4;5;6;7;8;9;10;11;12;13;14;15;16;17;18;19;20;21;22;23;24
1000322,1500335,1500333,metro,1,7.1,1,service_links,569.0534525773261,7,999999,17.063072041299137,0,2,6999993,0.15,4,0,"LINESTRING (-122.268722 37.80806, -122.271589 37.803471)",w_metro_only;w_bus_metro;d_metro_only;d_bus_metro,Bay Area Rapid Transit,7,7.1:0;1;2;3;4;5;6;7;8;9;10;11;12;13;14;15;16;17;18;19;20;21;22;23;24
1000323,1500333,1500356,metro,1,7.1,1,service_links,2075.7422970586686,7,999999,24.903926779348154,0,5,6999993,0.15,4,0,"LINESTRING (-122.271589 37.803471, -122.295144 37.804923)",w_metro_only;w_bus_metro;d_metro_only;d_bus_metro,Bay Area Rapid Transit,8,7.1:0;1;2;3;4;5;6;7;8;9;10;11;12;13;14;15;16;17;18;19;20;21;22;23;24
1000324,1500356,1500344,metro,1,7.1,1,service_links,9057.418976577976,7,999999,77.62393066628746,0,7,6999993,0.15,4,0,"LINESTRING (-122.295144 37.804923, -122.39708 37.792789)",w_metro_only;w_bus_metro;d_metro_only;d_bus_metro,Bay Area Rapid Transit,9,7.1:0;1;2;3;4;5;6;7;8;9;10;11;12;13;14;15;16;17;18;19;20;21;22;23;24
1000325,1500344,1500348,metro,1,7.1,1,service_links,564.6328100615432,7,999999,33.84412447921338,0,1,6999993,0.15,4,0,"LINESTRING (-122.39708 37.792789, -122.401642 37.789213)",w_metro_only;w_bus_metro;d_metro_only;d_bus_metro,Bay Area Rapid Transit,10,7.1:0;1;2;3;4;5;6;7;8;9;10;11;12;13;14;15;16;17;18;19;20;21;22;23;24
1000326,1500348,1500351,metro,1,7.1,1,service_links,716.1543495997415,7,999999,21.47389354122164,0,2,6999993,0.15,4,0,"LINESTRING (-122.401642 37.789213, -122.407387 37.784645)",w_metro_only;w_bus_metro;d_metro_only;d_bus_metro,Bay Area Rapid Transit,11,7.1:0;1;2;3;4;5;6;7;8;9;10;11;12;13;14;15;16;17;18;19;20;21;22;23;24
1000327,1500351,1500339,metro,1,7.1,1,service_links,811.9095115232317,7,999999,24.345112789302302,0,2,6999993,0.15,4,0,"LINESTRING (-122.407387 37.784645, -122.413879 37.77945)",w_metro_only;w_bus_metro;d_metro_only;d_bus_metro,Bay Area Rapid Transit,12,7.1:0;1;2;3;4;5;6;7;8;9;10;11;12;13;14;15;16;17;18;19;20;21;22;23;24
1000328,1500339,1500334,metro,1,7.1,1,service_links,1669.1103973379654,7,999999,50.048287776250845,0,2,6999993,0.15,4,0,"LINESTRING (-122.413879 37.77945, -122.419755 37.765176)",w_metro_only;w_bus_metro;d_metro_only;d_bus_metro,Bay Area Rapid Transit,13,7.1:0;1;2;3;4;5;6;7;8;9;10;11;12;13;14;15;16;17;18;19;20;21;22;23;24
1000329,1500334,1500336,metro,1,7.1,1,service_links,1422.3432218770677,7,999999,42.64897217022692,0,2,6999993,0.15,4,0,"LINESTRING (-122.419755 37.765176, -122.418518 37.752422)",w_metro_only;w_bus_metro;d_metro_only;d_bus_metro,Bay Area Rapid Transit,14,7.1:0;1;2;3;4;5;6;7;8;9;10;11;12;13;14;15;16;17;18;19;20;21;22;23;24
1000330,1500336,1500345,metro,1,7.1,1,service_links,2506.859769713857,7,999999,50.120488564755554,0,3,6999993,0.15,4,0,"LINESTRING (-122.418518 37.752422, -122.433557 37.733269)",w_metro_only;w_bus_metro;d_metro_only;d_bus_metro,Bay Area Rapid Transit,15,7.1:0;1;2;3;4;5;6;7;8;9;10;11;12;13;14;15;16;17;18;19;20;21;22;23;24
1000331,1500345,1500338,metro,1,7.1,1,service_links,1773.1772010193392,7,999999,53.16873166,0,2,6999993,0.15,4,0,"LINESTRING (-122.433557 37.733269, -122.44751 37.721758)",w_metro_only;w_bus_metro;d_metro_only;d_bus_metro,Bay Area Rapid Transit,16,7.1:0;1;2;3;4;5;6;7;8;9;10;11;12;13;14;15;16;17;18;19;20;21;22;23;24
1000332,1500338,1500341,metro,1,7.1,1,service_links,2554.2680021472734,7,999999,38.304443921228795,0,4,6999993,0.15,4,0,"LINESTRING (-122.44751 37.721758, -122.468994 37.706304)",w_metro_only;w_bus_metro;d_metro_only;d_bus_metro,Bay Area Rapid Transit,17,7.1:0;1;2;3;4;5;6;7;8;9;10;11;12;13;14;15;16;17;18;19;20;21;22;23;24
1000333,1500341,1500340,metro,1,7.1,1,service_links,2421.5132367975716,7,999999,29.052348371896482,0,5,6999993,0.15,4,0,"LINESTRING (-122.468994 37.706304, -122.466167 37.684642)",w_metro_only;w_bus_metro;d_metro_only;d_bus_metro,Bay Area Rapid Transit,18,7.1:0;1;2;3;4;5;6;7;8;9;10;11;12;13;14;15;16;17;18;19;20;21;22;23;24
1000334,1500340,1500355,metro,1,7.1,1,service_links,2960.9134488643426,7,999999,59.198536131909556,0,3,6999993,0.15,4,0,"LINESTRING (-122.466167 37.684642, -122.444254 37.664437)",w_metro_only;w_bus_metro;d_metro_only;d_bus_metro,Bay Area Rapid Transit,19,7.1:0;1;2;3;4;5;6;7;8;9;10;11;12;13;14;15;16;17;18;19;20;21;22;23;24
1000335,1500355,1500353,metro,1,7.1,1,service_links,3853.0348931829685,7,999999,77.03501952381811,0,3,6999993,0.15,4,0,"LINESTRING (-122.444254 37.664437, -122.416384 37.63772)",w_metro_only;w_bus_metro;d_metro_only;d_bus_metro,Bay Area Rapid Transit,20,7.1:0;1;2;3;4;5;6;7;8;9;10;11;12;13;14;15;16;17;18;19;20;21;22;23;24
1000336,1500353,1500354,metro,1,7.1,1,service_links,3236.0211520397647,7,999999,38.824488926691835,0,5,6999993,0.15,4,0,"LINESTRING (-122.416384 37.63772, -122.391895 37.616023)",w_metro_only;w_bus_metro;d_metro_only;d_bus_metro,Bay Area Rapid Transit,21,7.1:0;1;2;3;4;5;6;7;8;9;10;11;12;13;14;15;16;17;18;19;20;21;22;23;24
1000337,1500354,1500354,metro,1,7.1,1,service_links,0,7,999999,0,0,2,6999993,0.15,4,0,"LINESTRING (-122.391895 37.616023, -122.391895 37.616023)",w_metro_only;w_bus_metro;d_metro_only;d_bus_metro,Bay Area Rapid Transit,22,7.1:0;1;2;3;4;5;6;7;8;9;10;11;12;13;14;15;16;17;18;19;20;21;22;23;24
1000338,1500354,1500347,metro,1,7.1,1,service_links,1815.019009335491,7,999999,27.21848051990239,0,4,6999993,0.15,4,0,"LINESTRING (-122.391895 37.616023, -122.38684 37.600199)",w_metro_only;w_bus_metro;d_metro_only;d_bus_metro,Bay Area Rapid Transit,23,7.1:0;1;2;3;4;5;6;7;8;9;10;11;12;13;14;15;16;17;18;19;20;21;22;23;24
1000339,1500371,1500378,metro,1,8.2,1,service_links,1815.019009335491,6,999999,21.775872937438404,0,5,5999994,0.15,4,0,"LINESTRING (-122.38684 37.600199, -122.391895 37.616023)",w_metro_only;w_bus_metro;d_metro_only;d_bus_metro,Bay Area Rapid Transit,0,8.2:0;1;2;3;4;5;6;7;8;9;10;11;12;13;14;15;16;17;18;19;20;21;22;23;24
1000340,1500378,1500378,metro,1,8.2,1,service_links,0,6,999999,0,0,2,5999994,0.15,4,0,"LINESTRING (-122.391895 37.616023, -122.391895 37.616023)",w_metro_only;w_bus_metro;d_metro_only;d_bus_metro,Bay Area Rapid Transit,1,8.2:0;1;2;3;4;5;6;7;8;9;10;11;12;13;14;15;16;17;18;19;20;21;22;23;24
1000341,1500378,1500377,metro,1,8.2,1,service_links,3236.0211520397647,6,999999,48.528185234287896,0,4,5999994,0.15,4,0,"LINESTRING (-122.391895 37.616023, -122.416384 37.63772)",w_metro_only;w_bus_metro;d_metro_only;d_bus_metro,Bay Area Rapid Transit,2,8.2:0;1;2;3;4;5;6;7;8;9;10;11;12;13;14;15;16;17;18;19;20;21;22;23;24
1000342,1500377,1500379,metro,1,8.2,1,service_links,3853.0348931829685,6,999999,77.03501952381811,0,3,5999994,0.15,4,0,"LINESTRING (-122.416384 37.63772, -122.444254 37.664437)",w_metro_only;w_bus_metro;d_metro_only;d_bus_metro,Bay Area Rapid Transit,3,8.2:0;1;2;3;4;5;6;7;8;9;10;11;12;13;14;15;16;17;18;19;20;21;22;23;24
1000343,1500379,1500364,metro,1,8.2,1,service_links,2960.9134488643426,6,999999,59.198536131909556,0,3,5999994,0.15,4,0,"LINESTRING (-122.444254 37.664437, -122.466167 37.684642)",w_metro_only;w_bus_metro;d_metro_only;d_bus_metro,Bay Area Rapid Transit,4,8.2:0;1;2;3;4;5;6;7;8;9;10;11;12;13;14;15;16;17;18;19;20;21;22;23;24
1000344,1500364,1500365,metro,1,8.2,1,service_links,2421.5132367975716,6,999999,48.41412669,0,3,5999994,0.15,4,0,"LINESTRING (-122.466167 37.684642, -122.468994 37.706304)",w_metro_only;w_bus_metro;d_metro_only;d_bus_metro,Bay Area Rapid Transit,5,8.2:0;1;2;3;4;5;6;7;8;9;10;11;12;13;14;15;16;17;18;19;20;21;22;23;24
1000345,1500365,1500362,metro,1,8.2,1,service_links,2554.2680021472734,6,999999,30.645087008365607,0,5,5999994,0.15,4,0,"LINESTRING (-122.468994 37.706304, -122.44751 37.721758)",w_metro_only;w_bus_metro;d_metro_only;d_bus_metro,Bay Area Rapid Transit,6,8.2:0;1;2;3;4;5;6;7;8;9;10;11;12;13;14;15;16;17;18;19;20;21;22;23;24
1000346,1500362,1500369,metro,1,8.2,1,service_links,1773.1772010193392,6,999999,53.16873166,0,2,5999994,0.15,4,0,"LINESTRING (-122.44751 37.721758, -122.433557 37.733269)",w_metro_only;w_bus_metro;d_metro_only;d_bus_metro,Bay Area Rapid Transit,7,8.2:0;1;2;3;4;5;6;7;8;9;10;11;12;13;14;15;16;17;18;19;20;21;22;23;24
1000347,1500369,1500360,metro,1,8.2,1,service_links,2506.859769713857,6,999999,50.120488564755554,0,3,5999994,0.15,4,0,"LINESTRING (-122.433557 37.733269, -122.418518 37.752422)",w_metro_only;w_bus_metro;d_metro_only;d_bus_metro,Bay Area Rapid Transit,8,8.2:0;1;2;3;4;5;6;7;8;9;10;11;12;13;14;15;16;17;18;19;20;21;22;23;24
1000348,1500360,1500358,metro,1,8.2,1,service_links,1422.3432218770677,6,999999,42.64897217022692,0,2,5999994,0.15,4,0,"LINESTRING (-122.418518 37.752422, -122.419755 37.765176)",w_metro_only;w_bus_metro;d_metro_only;d_bus_metro,Bay Area Rapid Transit,9,8.2:0;1;2;3;4;5;6;7;8;9;10;11;12;13;14;15;16;17;18;19;20;21;22;23;24
1000349,1500358,1500363,metro,1,8.2,1,service_links,1669.1103973379654,6,999999,50.048287776250845,0,2,5999994,0.15,4,0,"LINESTRING (-122.419755 37.765176, -122.413879 37.77945)",w_metro_only;w_bus_metro;d_metro_only;d_bus_metro,Bay Area Rapid Transit,10,8.2:0;1;2;3;4;5;6;7;8;9;10;11;12;13;14;15;16;17;18;19;20;21;22;23;24
1000350,1500363,1500375,metro,1,8.2,1,service_links,811.9095115232317,6,999999,24.345112789302302,0,2,5999994,0.15,4,0,"LINESTRING (-122.413879 37.77945, -122.407387 37.784645)",w_metro_only;w_bus_metro;d_metro_only;d_bus_metro,Bay Area Rapid Transit,11,8.2:0;1;2;3;4;5;6;7;8;9;10;11;12;13;14;15;16;17;18;19;20;21;22;23;24
1000351,1500375,1500372,metro,1,8.2,1,service_links,716.1543495997415,6,999999,42.92633464134316,0,1,5999994,0.15,4,0,"LINESTRING (-122.407387 37.784645, -122.401642 37.789213)",w_metro_only;w_bus_metro;d_metro_only;d_bus_metro,Bay Area Rapid Transit,12,8.2:0;1;2;3;4;5;6;7;8;9;10;11;12;13;14;15;16;17;18;19;20;21;22;23;24
1000352,1500372,1500368,metro,1,8.2,1,service_links,564.6328100615432,6,999999,16.930519042325134,0,2,5999994,0.15,4,0,"LINESTRING (-122.401642 37.789213, -122.39708 37.792789)",w_metro_only;w_bus_metro;d_metro_only;d_bus_metro,Bay Area Rapid Transit,13,8.2:0;1;2;3;4;5;6;7;8;9;10;11;12;13;14;15;16;17;18;19;20;21;22;23;24
1000353,1500368,1500380,metro,1,8.2,1,service_links,9057.418976577976,6,999999,77.62393066628746,0,7,5999994,0.15,4,0,"LINESTRING (-122.39708 37.792789, -122.295144 37.804923)",w_metro_only;w_bus_metro;d_metro_only;d_bus_metro,Bay Area Rapid Transit,14,8.2:0;1;2;3;4;5;6;7;8;9;10;11;12;13;14;15;16;17;18;19;20;21;22;23;24
1000354,1500380,1500357,metro,1,8.2,1,service_links,2075.7422970586686,6,999999,31.128352367788082,0,4,5999994,0.15,4,0,"LINESTRING (-122.295144 37.804923, -122.271589 37.803471)",w_metro_only;w_bus_metro;d_metro_only;d_bus_metro,Bay Area Rapid Transit,15,8.2:0;1;2;3;4;5;6;7;8;9;10;11;12;13;14;15;16;17;18;19;20;21;22;23;24
1000355,1500357,1500359,metro,1,8.2,1,service_links,569.0534525773261,6,999999,34.10909805658299,0,1,5999994,0.15,4,0,"LINESTRING (-122.271589 37.803471, -122.268722 37.80806)",w_metro_only;w_bus_metro;d_metro_only;d_bus_metro,Bay Area Rapid Transit,16,8.2:0;1;2;3;4;5;6;7;8;9;10;11;12;13;14;15;16;17;18;19;20;21;22;23;24
1000356,1500359,1500370,metro,1,8.2,1,service_links,2311.798995894363,6,999999,34.66831785895071,0,4,5999994,0.15,4,0,"LINESTRING (-122.268722 37.80806, -122.267163 37.828814)",w_metro_only;w_bus_metro;d_metro_only;d_bus_metro,Bay Area Rapid Transit,17,8.2:0;1;2;3;4;5;6;7;8;9;10;11;12;13;14;15;16;17;18;19;20;21;22;23;24
1000357,1500370,1500361,metro,1,8.2,1,service_links,2706.5833354245424,6,999999,40.58860288064797,0,4,5999994,0.15,4,0,"LINESTRING (-122.267163 37.828814, -122.26975 37.853069)",w_metro_only;w_bus_metro;d_metro_only;d_bus_metro,Bay Area Rapid Transit,18,8.2:0;1;2;3;4;5;6;7;8;9;10;11;12;13;14;15;16;17;18;19;20;21;22;23;24
1000358,1500361,1500366,metro,1,8.2,1,service_links,1901.3253023863492,6,999999,57.011253444868046,0,2,5999994,0.15,4,0,"LINESTRING (-122.26975 37.853069, -122.268078 37.870117)",w_metro_only;w_bus_metro;d_metro_only;d_bus_metro,Bay Area Rapid Transit,19,8.2:0;1;2;3;4;5;6;7;8;9;10;11;12;13;14;15;16;17;18;19;20;21;22;23;24
1000359,1500366,1500373,metro,1,8.2,1,service_links,1422.6179483176013,6,999999,42.65720984460574,0,2,5999994,0.15,4,0,"LINESTRING (-122.268078 37.870117, -122.283508 37.874032)",w_metro_only;w_bus_metro;d_metro_only;d_bus_metro,Bay Area Rapid Transit,20,8.2:0;1;2;3;4;5;6;7;8;9;10;11;12;13;14;15;16;17;18;19;20;21;22;23;24
1000360,1500373,1500374,metro,1,8.2,1,service_links,3455.0739718031496,6,999999,51.81315628797525,0,4,5999994,0.15,4,0,"LINESTRING (-122.283508 37.874032, -122.298895 37.902633)",w_metro_only;w_bus_metro;d_metro_only;d_bus_metro,Bay Area Rapid Transit,21,8.2:0;1;2;3;4;5;6;7;8;9;10;11;12;13;14;15;16;17;18;19;20;21;22;23;24
1000361,1500374,1500367,metro,1,8.2,1,service_links,2964.036555443171,6,999999,88.87665833412807,0,2,5999994,0.15,4,0,"LINESTRING (-122.298895 37.902633, -122.316868 37.925205)",w_metro_only;w_bus_metro;d_metro_only;d_bus_metro,Bay Area Rapid Transit,22,8.2:0;1;2;3;4;5;6;7;8;9;10;11;12;13;14;15;16;17;18;19;20;21;22;23;24
1000362,1500367,1500376,metro,1,8.2,1,service_links,3421.319530459786,6,999999,41.047624840549325,0,5,5999994,0.15,4,0,"LINESTRING (-122.316868 37.925205, -122.353004 37.936795)",w_metro_only;w_bus_metro;d_metro_only;d_bus_metro,Bay Area Rapid Transit,23,8.2:0;1;2;3;4;5;6;7;8;9;10;11;12;13;14;15;16;17;18;19;20;21;22;23;24
1000362,1000001,1500001,metro,1,1.1,2,boarding_links,14.171517966800247,1,999999,2,0,4.285714285714286,999999,0.15,4,0,"LINESTRING (-122.27168900000001 37.803371, -122.271589 37.803471)",w_metro_only;w_bus_metro;d_metro_only;d_bus_metro,Bay Area Rapid Transit,-1,1.1.12TH:0;1;2;3;4;5;6;7;8;9;10;11;12;13;14;15;16;17;18;19;20;21;22;23;24;25;26
1000363,1500001,1000001,metro,1,1.1,2,boarding_links,14.171517966800247,1,999999,2,0,1,999999,0.15,4,0,"LINESTRING (-122.27168900000001 37.803371, -122.271589 37.803471)",w_metro_only;w_bus_metro;d_metro_only;d_bus_metro,Bay Area Rapid Transit,-1,1.1.12TH:0;1;2;3;4;5;6;7;8;9;10;11;12;13;14;15;16;17;18;19;20;21;22;23;24;25;26
1000364,1000001,1500002,metro,1,1.1,2,boarding_links,14.171517966800247,1,999999,2,0,10,999999,0.15,4,0,"LINESTRING (-122.27168900000001 37.803371, -122.271589 37.803471)",w_metro_only;w_bus_metro;d_metro_only;d_bus_metro,Bay Area Rapid Transit,-1,1.1.12TH:0;1;2;4;5;6;7;8;9;10;11;12;13;14;15;16;17;18;19;20;21;22;23;24;25
1000365,1500002,1000001,metro,1,1.1,2,boarding_links,14.171517966800247,1,999999,2,0,1,999999,0.15,4,0,"LINESTRING (-122.27168900000001 37.803371, -122.271589 37.803471)",w_metro_only;w_bus_metro;d_metro_only;d_bus_metro,Bay Area Rapid Transit,-1,1.1.12TH:0;1;2;4;5;6;7;8;9;10;11;12;13;14;15;16;17;18;19;20;21;22;23;24;25
1000366,1000001,1500003,metro,1,1.1,2,boarding_links,14.171517966800247,1,999999,2,0,10,999999,0.15,4,0,"LINESTRING (-122.27168900000001 37.803371, -122.271589 37.803471)",w_metro_only;w_bus_metro;d_metro_only;d_bus_metro,Bay Area Rapid Transit,-1,1.1.12TH:0;2;3;4;5;6;7;8;9;10;11;12;13;14;15;16;17;18;19;20;21;22;23
1000367,1500003,1000001,metro,1,1.1,2,boarding_links,14.171517966800247,1,999999,2,0,1,999999,0.15,4,0,"LINESTRING (-122.27168900000001 37.803371, -122.271589 37.803471)",w_metro_only;w_bus_metro;d_metro_only;d_bus_metro,Bay Area Rapid Transit,-1,1.1.12TH:0;2;3;4;5;6;7;8;9;10;11;12;13;14;15;16;17;18;19;20;21;22;23
1000368,1000002,1500004,metro,1,1.1,2,boarding_links,14.174341385964397,1,999999,2,0,4.285714285714286,999999,0.15,4,0,"LINESTRING (-122.419855 37.76507599999999, -122.419755 37.765176)",w_metro_only;w_bus_metro;d_metro_only;d_bus_metro,Bay Area Rapid Transit,-1,1.1.16TH:0;1;2;3;4;5;6;7;8;9;10;11;12;13;14;15;16;17;18;19;20;21;22;23;24;25;26
1000369,1500004,1000002,metro,1,1.1,2,boarding_links,14.174341385964397,1,999999,2,0,1,999999,0.15,4,0,"LINESTRING (-122.419855 37.76507599999999, -122.419755 37.765176)",w_metro_only;w_bus_metro;d_metro_only;d_bus_metro,Bay Area Rapid Transit,-1,1.1.16TH:0;1;2;3;4;5;6;7;8;9;10;11;12;13;14;15;16;17;18;19;20;21;22;23;24;25;26
1000370,1000002,1500005,metro,1,1.1,2,boarding_links,14.174341385964397,1,999999,2,0,10,999999,0.15,4,0,"LINESTRING (-122.419855 37.76507599999999, -122.419755 37.765176)",w_metro_only;w_bus_metro;d_metro_only;d_bus_metro,Bay Area Rapid Transit,-1,1.1.16TH:0;1;2;4;5;6;7;8;9;10;11;12;13;14;15;16;17;18;19;20;21;22;23;24;25
1000371,1500005,1000002,metro,1,1.1,2,boarding_links,14.174341385964397,1,999999,2,0,1,999999,0.15,4,0,"LINESTRING (-122.419855 37.76507599999999, -122.419755 37.765176)",w_metro_only;w_bus_metro;d_metro_only;d_bus_metro,Bay Area Rapid Transit,-1,1.1.16TH:0;1;2;4;5;6;7;8;9;10;11;12;13;14;15;16;17;18;19;20;21;22;23;24;25
1000372,1000002,1500006,metro,1,1.1,2,boarding_links,14.174341385964397,1,999999,2,0,10,999999,0.15,4,0,"LINESTRING (-122.419855 37.76507599999999, -122.419755 37.765176)",w_metro_only;w_bus_metro;d_metro_only;d_bus_metro,Bay Area Rapid Transit,-1,1.1.16TH:0;2;3;4;5;6;7;8;9;10;11;12;13;14;15;16;17;18;19;20;21;22;23
1000373,1500006,1000002,metro,1,1.1,2,boarding_links,14.174341385964397,1,999999,2,0,1,999999,0.15,4,0,"LINESTRING (-122.419855 37.76507599999999, -122.419755 37.765176)",w_metro_only;w_bus_metro;d_metro_only;d_bus_metro,Bay Area Rapid Transit,-1,1.1.16TH:0;2;3;4;5;6;7;8;9;10;11;12;13;14;15;16;17;18;19;20;21;22;23
1000374,1000003,1500007,metro,1,1.1,2,boarding_links,14.171179525510963,1,999999,2,0,4.285714285714286,999999,0.15,4,0,"LINESTRING (-122.268822 37.807959999999994, -122.268722 37.80806)",w_metro_only;w_bus_metro;d_metro_only;d_bus_metro,Bay Area Rapid Transit,-1,1.1.19TH:0;1;2;3;4;5;6;7;8;9;10;11;12;13;14;15;16;17;18;19;20;21;22;23;24;25;26
1000375,1500007,1000003,metro,1,1.1,2,boarding_links,14.171179525510963,1,999999,2,0,1,999999,0.15,4,0,"LINESTRING (-122.268822 37.807959999999994, -122.268722 37.80806)",w_metro_only;w_bus_metro;d_metro_only;d_bus_metro,Bay Area Rapid Transit,-1,1.1.19TH:0;1;2;3;4;5;6;7;8;9;10;11;12;13;14;15;16;17;18;19;20;21;22;23;24;25;26
1000376,1000003,1500008,metro,1,1.1,2,boarding_links,14.171179525510963,1,999999,2,0,10,999999,0.15,4,0,"LINESTRING (-122.268822 37.807959999999994, -122.268722 37.80806)",w_metro_only;w_bus_metro;d_metro_only;d_bus_metro,Bay Area Rapid Transit,-1,1.1.19TH:0;1;2;4;5;6;7;8;9;10;11;12;13;14;15;16;17;18;19;20;21;22;23;24;25
1000377,1500008,1000003,metro,1,1.1,2,boarding_links,14.171179525510963,1,999999,2,0,1,999999,0.15,4,0,"LINESTRING (-122.268822 37.807959999999994, -122.268722 37.80806)",w_metro_only;w_bus_metro;d_metro_only;d_bus_metro,Bay Area Rapid Transit,-1,1.1.19TH:0;1;2;4;5;6;7;8;9;10;11;12;13;14;15;16;17;18;19;20;21;22;23;24;25
1000378,1000003,1500009,metro,1,1.1,2,boarding_links,14.171179525510963,1,999999,2,0,10,999999,0.15,4,0,"LINESTRING (-122.268822 37.807959999999994, -122.268722 37.80806)",w_metro_only;w_bus_metro;d_metro_only;d_bus_metro,Bay Area Rapid Transit,-1,1.1.19TH:0;2;3;4;5;6;7;8;9;10;11;12;13;14;15;16;17;18;19;20;21;22;23
1000379,1500009,1000003,metro,1,1.1,2,boarding_links,14.171179525510963,1,999999,2,0,1,999999,0.15,4,0,"LINESTRING (-122.268822 37.807959999999994, -122.268722 37.80806)",w_metro_only;w_bus_metro;d_metro_only;d_bus_metro,Bay Area Rapid Transit,-1,1.1.19TH:0;2;3;4;5;6;7;8;9;10;11;12;13;14;15;16;17;18;19;20;21;22;23
1000380,1000004,1500010,metro,1,1.1,2,boarding_links,14.175281373962715,1,999999,2,0,4.285714285714286,999999,0.15,4,0,"LINESTRING (-122.41861800000001 37.752322, -122.418518 37.752422)",w_metro_only;w_bus_metro;d_metro_only;d_bus_metro,Bay Area Rapid Transit,-1,1.1.24TH:0;1;2;3;4;5;6;7;8;9;10;11;12;13;14;15;16;17;18;19;20;21;22;23;24;25;26
1000381,1500010,1000004,metro,1,1.1,2,boarding_links,14.175281373962715,1,999999,2,0,1,999999,0.15,4,0,"LINESTRING (-122.41861800000001 37.752322, -122.418518 37.752422)",w_metro_only;w_bus_metro;d_metro_only;d_bus_metro,Bay Area Rapid Transit,-1,1.1.24TH:0;1;2;3;4;5;6;7;8;9;10;11;12;13;14;15;16;17;18;19;20;21;22;23;24;25;26
1000382,1000004,1500011,metro,1,1.1,2,boarding_links,14.175281373962715,1,999999,2,0,10,999999,0.15,4,0,"LINESTRING (-122.41861800000001 37.752322, -122.418518 37.752422)",w_metro_only;w_bus_metro;d_metro_only;d_bus_metro,Bay Area Rapid Transit,-1,1.1.24TH:0;1;2;4;5;6;7;8;9;10;11;12;13;14;15;16;17;18;19;20;21;22;23;24;25
1000383,1500011,1000004,metro,1,1.1,2,boarding_links,14.175281373962715,1,999999,2,0,1,999999,0.15,4,0,"LINESTRING (-122.41861800000001 37.752322, -122.418518 37.752422)",w_metro_only;w_bus_metro;d_metro_only;d_bus_metro,Bay Area Rapid Transit,-1,1.1.24TH:0;1;2;4;5;6;7;8;9;10;11;12;13;14;15;16;17;18;19;20;21;22;23;24;25
1000384,1000004,1500012,metro,1,1.1,2,boarding_links,14.175281373962715,1,999999,2,0,10,999999,0.15,4,0,"LINESTRING (-122.41861800000001 37.752322, -122.418518 37.752422)",w_metro_only;w_bus_metro;d_metro_only;d_bus_metro,Bay Area Rapid Transit,-1,1.1.24TH:0;2;3;4;5;6;7;8;9;10;11;12;13;14;15;16;17;18;19;20;21;22;23
1000385,1500012,1000004,metro,1,1.1,2,boarding_links,14.175281373962715,1,999999,2,0,1,999999,0.15,4,0,"LINESTRING (-122.41861800000001 37.752322, -122.418518 37.752422)",w_metro_only;w_bus_metro;d_metro_only;d_bus_metro,Bay Area Rapid Transit,-1,1.1.24TH:0;2;3;4;5;6;7;8;9;10;11;12;13;14;15;16;17;18;19;20;21;22;23
1000386,1000005,1500013,metro,1,1.1,2,boarding_links,14.15734329776405,1,999999,2,0,4.285714285714286,999999,0.15,4,0,"LINESTRING (-121.78045300000001 37.995315, -121.780353 37.995415)",w_metro_only;w_bus_metro;d_metro_only;d_bus_metro,Bay Area Rapid Transit,-1,1.1.ANTC:0;1;2;3;4;5;6;7;8;9;10;11;12;13;14;15;16;17;18;19;20;21;22;23;24;25;26
1000387,1500013,1000005,metro,1,1.1,2,boarding_links,14.15734329776405,1,999999,2,0,1,999999,0.15,4,0,"LINESTRING (-121.78045300000001 37.995315, -121.780353 37.995415)",w_metro_only;w_bus_metro;d_metro_only;d_bus_metro,Bay Area Rapid Transit,-1,1.1.ANTC:0;1;2;3;4;5;6;7;8;9;10;11;12;13;14;15;16;17;18;19;20;21;22;23;24;25;26
1000388,1000007,1500014,metro,1,1.1,2,boarding_links,14.177540656470589,1,999999,2,0,4.285714285714286,999999,0.15,4,0,"LINESTRING (-122.44761 37.721658, -122.44751 37.721758)",w_metro_only;w_bus_metro;d_metro_only;d_bus_metro,Bay Area Rapid Transit,-1,1.1.BALB:0;1;2;3;4;5;6;7;8;9;10;11;12;13;14;15;16;17;18;19;20;21;22;23;24;25;26
1000389,1500014,1000007,metro,1,1.1,2,boarding_links,14.177540656470589,1,999999,2,0,1,999999,0.15,4,0,"LINESTRING (-122.44761 37.721658, -122.44751 37.721758)",w_metro_only;w_bus_metro;d_metro_only;d_bus_metro,Bay Area Rapid Transit,-1,1.1.BALB:0;1;2;3;4;5;6;7;8;9;10;11;12;13;14;15;16;17;18;19;20;21;22;23;24;25;26
1000390,1000007,1500015,metro,1,1.1,2,boarding_links,14.177540656470589,1,999999,2,0,10,999999,0.15,4,0,"LINESTRING (-122.44761 37.721658, -122.44751 37.721758)",w_metro_only;w_bus_metro;d_metro_only;d_bus_metro,Bay Area Rapid Transit,-1,1.1.BALB:0;1;2;4;5;6;7;8;9;10;11;12;13;14;15;16;17;18;19;20;21;22;23;24;25
1000391,1500015,1000007,metro,1,1.1,2,boarding_links,14.177540656470589,1,999999,2,0,1,999999,0.15,4,0,"LINESTRING (-122.44761 37.721658, -122.44751 37.721758)",w_metro_only;w_bus_metro;d_metro_only;d_bus_metro,Bay Area Rapid Transit,-1,1.1.BALB:0;1;2;4;5;6;7;8;9;10;11;12;13;14;15;16;17;18;19;20;21;22;23;24;25
1000392,1000007,1500016,metro,1,1.1,2,boarding_links,14.177540656470589,1,999999,2,0,10,999999,0.15,4,0,"LINESTRING (-122.44761 37.721658, -122.44751 37.721758)",w_metro_only;w_bus_metro;d_metro_only;d_bus_metro,Bay Area Rapid Transit,-1,1.1.BALB:0;2;3;4;5;6;7;8;9;10;11;12;13;14;15;16;17;18;19;20;21;22;23
1000393,1500016,1000007,metro,1,1.1,2,boarding_links,14.177540656470589,1,999999,2,0,1,999999,0.15,4,0,"LINESTRING (-122.44761 37.721658, -122.44751 37.721758)",w_metro_only;w_bus_metro;d_metro_only;d_bus_metro,Bay Area Rapid Transit,-1,1.1.BALB:0;2;3;4;5;6;7;8;9;10;11;12;13;14;15;16;17;18;19;20;21;22;23
1000394,1000011,1500017,metro,1,1.1,2,boarding_links,14.173289169793485,1,999999,2,0,4.285714285714286,999999,0.15,4,0,"LINESTRING (-122.413979 37.779349999999994, -122.413879 37.77945)",w_metro_only;w_bus_metro;d_metro_only;d_bus_metro,Bay Area Rapid Transit,-1,1.1.CIVC:0;1;2;3;4;5;6;7;8;9;10;11;12;13;14;15;16;17;18;19;20;21;22;23;24;25;26
1000395,1500017,1000011,metro,1,1.1,2,boarding_links,14.173289169793485,1,999999,2,0,1,999999,0.15,4,0,"LINESTRING (-122.413979 37.779349999999994, -122.413879 37.77945)",w_metro_only;w_bus_metro;d_metro_only;d_bus_metro,Bay Area Rapid Transit,-1,1.1.CIVC:0;1;2;3;4;5;6;7;8;9;10;11;12;13;14;15;16;17;18;19;20;21;22;23;24;25;26
1000396,1000011,1500018,metro,1,1.1,2,boarding_links,14.173289169793485,1,999999,2,0,10,999999,0.15,4,0,"LINESTRING (-122.413979 37.779349999999994, -122.413879 37.77945)",w_metro_only;w_bus_metro;d_metro_only;d_bus_metro,Bay Area Rapid Transit,-1,1.1.CIVC:0;1;2;4;5;6;7;8;9;10;11;12;13;14;15;16;17;18;19;20;21;22;23;24;25
1000397,1500018,1000011,metro,1,1.1,2,boarding_links,14.173289169793485,1,999999,2,0,1,999999,0.15,4,0,"LINESTRING (-122.413979 37.779349999999994, -122.413879 37.77945)",w_metro_only;w_bus_metro;d_metro_only;d_bus_metro,Bay Area Rapid Transit,-1,1.1.CIVC:0;1;2;4;5;6;7;8;9;10;11;12;13;14;15;16;17;18;19;20;21;22;23;24;25
1000398,1000011,1500019,metro,1,1.1,2,boarding_links,14.173289169793485,1,999999,2,0,10,999999,0.15,4,0,"LINESTRING (-122.413979 37.779349999999994, -122.413879 37.77945)",w_metro_only;w_bus_metro;d_metro_only;d_bus_metro,Bay Area Rapid Transit,-1,1.1.CIVC:0;2;3;4;5;6;7;8;9;10;11;12;13;14;15;16;17;18;19;20;21;22;23
1000399,1500019,1000011,metro,1,1.1,2,boarding_links,14.173289169793485,1,999999,2,0,1,999999,0.15,4,0,"LINESTRING (-122.413979 37.779349999999994, -122.413879 37.77945)",w_metro_only;w_bus_metro;d_metro_only;d_bus_metro,Bay Area Rapid Transit,-1,1.1.CIVC:0;2;3;4;5;6;7;8;9;10;11;12;13;14;15;16;17;18;19;20;21;22;23
1000400,1000012,1500020,metro,1,1.1,2,boarding_links,14.18027399222093,1,999999,2,0,4.285714285714286,999999,0.15,4,0,"LINESTRING (-122.466267 37.68454199999999, -122.466167 37.684642)",w_metro_only;w_bus_metro;d_metro_only;d_bus_metro,Bay Area Rapid Transit,-1,1.1.COLM:0;1;2;3;4;5;6;7;8;9;10;11;12;13;14;15;16;17;18;19;20;21;22;23;24;25;26
1000401,1500020,1000012,metro,1,1.1,2,boarding_links,14.18027399222093,1,999999,2,0,1,999999,0.15,4,0,"LINESTRING (-122.466267 37.68454199999999, -122.466167 37.684642)",w_metro_only;w_bus_metro;d_metro_only;d_bus_metro,Bay Area Rapid Transit,-1,1.1.COLM:0;1;2;3;4;5;6;7;8;9;10;11;12;13;14;15;16;17;18;19;20;21;22;23;24;25;26
1000402,1000012,1500021,metro,1,1.1,2,boarding_links,14.18027399222093,1,999999,2,0,10,999999,0.15,4,0,"LINESTRING (-122.466267 37.68454199999999, -122.466167 37.684642)",w_metro_only;w_bus_metro;d_metro_only;d_bus_metro,Bay Area Rapid Transit,-1,1.1.COLM:0;1;2;4;5;6;7;8;9;10;11;12;13;14;15;16;17;18;19;20;21;22;23;24;25
1000403,1500021,1000012,metro,1,1.1,2,boarding_links,14.18027399222093,1,999999,2,0,1,999999,0.15,4,0,"LINESTRING (-122.466267 37.68454199999999, -122.466167 37.684642)",w_metro_only;w_bus_metro;d_metro_only;d_bus_metro,Bay Area Rapid Transit,-1,1.1.COLM:0;1;2;4;5;6;7;8;9;10;11;12;13;14;15;16;17;18;19;20;21;22;23;24;25
1000404,1000012,1500022,metro,1,1.1,2,boarding_links,14.18027399222093,1,999999,2,0,10,999999,0.15,4,0,"LINESTRING (-122.466267 37.68454199999999, -122.466167 37.684642)",w_metro_only;w_bus_metro;d_metro_only;d_bus_metro,Bay Area Rapid Transit,-1,1.1.COLM:0;2;3;4;5;6;7;8;9;10;11;12;13;14;15;16;17;18;19;20;21;22;23
1000405,1500022,1000012,metro,1,1.1,2,boarding_links,14.18027399222093,1,999999,2,0,1,999999,0.15,4,0,"LINESTRING (-122.466267 37.68454199999999, -122.466167 37.684642)",w_metro_only;w_bus_metro;d_metro_only;d_bus_metro,Bay Area Rapid Transit,-1,1.1.COLM:0;2;3;4;5;6;7;8;9;10;11;12;13;14;15;16;17;18;19;20;21;22;23
1000406,1000014,1500023,metro,1,1.1,2,boarding_links,14.158943423188335,1,999999,2,0,4.285714285714286,999999,0.15,4,0,"LINESTRING (-122.02922600000001 37.973673, -122.029126 37.973773)",w_metro_only;w_bus_metro;d_metro_only;d_bus_metro,Bay Area Rapid Transit,-1,1.1.CONC:0;1;2;3;4;5;6;7;8;9;10;11;12;13;14;15;16;17;18;19;20;21;22;23;24;25;26
1000407,1500023,1000014,metro,1,1.1,2,boarding_links,14.158943423188335,1,999999,2,0,1,999999,0.15,4,0,"LINESTRING (-122.02922600000001 37.973673, -122.029126 37.973773)",w_metro_only;w_bus_metro;d_metro_only;d_bus_metro,Bay Area Rapid Transit,-1,1.1.CONC:0;1;2;3;4;5;6;7;8;9;10;11;12;13;14;15;16;17;18;19;20;21;22;23;24;25;26
1000408,1000014,1500024,metro,1,1.1,2,boarding_links,14.158943423188335,1,999999,2,0,10,999999,0.15,4,0,"LINESTRING (-122.02922600000001 37.973673, -122.029126 37.973773)",w_metro_only;w_bus_metro;d_metro_only;d_bus_metro,Bay Area Rapid Transit,-1,1.1.CONC:0;1;2;4;5;6;7;8;9;10;11;12;13;14;15;16;17;18;19;20;21;22;23;24;25
1000409,1500024,1000014,metro,1,1.1,2,boarding_links,14.158943423188335,1,999999,2,0,1,999999,0.15,4,0,"LINESTRING (-122.02922600000001 37.973673, -122.029126 37.973773)",w_metro_only;w_bus_metro;d_metro_only;d_bus_metro,Bay Area Rapid Transit,-1,1.1.CONC:0;1;2;4;5;6;7;8;9;10;11;12;13;14;15;16;17;18;19;20;21;22;23;24;25
1000410,1000014,1500025,metro,1,1.1,2,boarding_links,14.158943423188335,1,999999,2,0,10,999999,0.15,4,0,"LINESTRING (-122.02922600000001 37.973673, -122.029126 37.973773)",w_metro_only;w_bus_metro;d_metro_only;d_bus_metro,Bay Area Rapid Transit,-1,1.1.CONC:0;2;3;4;5;6;7;8;9;10;11;12;13;14;15;16;17;18;19;20;21;22;23
1000411,1500025,1000014,metro,1,1.1,2,boarding_links,14.158943423188335,1,999999,2,0,1,999999,0.15,4,0,"LINESTRING (-122.02922600000001 37.973673, -122.029126 37.973773)",w_metro_only;w_bus_metro;d_metro_only;d_bus_metro,Bay Area Rapid Transit,-1,1.1.CONC:0;2;3;4;5;6;7;8;9;10;11;12;13;14;15;16;17;18;19;20;21;22;23
1000412,1000015,1500026,metro,1,1.1,2,boarding_links,14.178678912330763,1,999999,2,0,4.285714285714286,999999,0.15,4,0,"LINESTRING (-122.469094 37.706204, -122.468994 37.706304)",w_metro_only;w_bus_metro;d_metro_only;d_bus_metro,Bay Area Rapid Transit,-1,1.1.DALY:0;1;2;3;4;5;6;7;8;9;10;11;12;13;14;15;16;17;18;19;20;21;22;23;24;25;26
1000413,1500026,1000015,metro,1,1.1,2,boarding_links,14.178678912330763,1,999999,2,0,1,999999,0.15,4,0,"LINESTRING (-122.469094 37.706204, -122.468994 37.706304)",w_metro_only;w_bus_metro;d_metro_only;d_bus_metro,Bay Area Rapid Transit,-1,1.1.DALY:0;1;2;3;4;5;6;7;8;9;10;11;12;13;14;15;16;17;18;19;20;21;22;23;24;25;26
1000414,1000015,1500027,metro,1,1.1,2,boarding_links,14.178678912330763,1,999999,2,0,10,999999,0.15,4,0,"LINESTRING (-122.469094 37.706204, -122.468994 37.706304)",w_metro_only;w_bus_metro;d_metro_only;d_bus_metro,Bay Area Rapid Transit,-1,1.1.DALY:0;1;2;4;5;6;7;8;9;10;11;12;13;14;15;16;17;18;19;20;21;22;23;24;25
1000415,1500027,1000015,metro,1,1.1,2,boarding_links,14.178678912330763,1,999999,2,0,1,999999,0.15,4,0,"LINESTRING (-122.469094 37.706204, -122.468994 37.706304)",w_metro_only;w_bus_metro;d_metro_only;d_bus_metro,Bay Area Rapid Transit,-1,1.1.DALY:0;1;2;4;5;6;7;8;9;10;11;12;13;14;15;16;17;18;19;20;21;22;23;24;25
1000416,1000015,1500028,metro,1,1.1,2,boarding_links,14.178678912330763,1,999999,2,0,10,999999,0.15,4,0,"LINESTRING (-122.469094 37.706204, -122.468994 37.706304)",w_metro_only;w_bus_metro;d_metro_only;d_bus_metro,Bay Area Rapid Transit,-1,1.1.DALY:0;2;3;4;5;6;7;8;9;10;11;12;13;14;15;16;17;18;19;20;21;22;23
1000417,1500028,1000015,metro,1,1.1,2,boarding_links,14.178678912330763,1,999999,2,0,1,999999,0.15,4,0,"LINESTRING (-122.469094 37.706204, -122.468994 37.706304)",w_metro_only;w_bus_metro;d_metro_only;d_bus_metro,Bay Area Rapid Transit,-1,1.1.DALY:0;2;3;4;5;6;7;8;9;10;11;12;13;14;15;16;17;18;19;20;21;22;23
1000418,1000019,1500029,metro,1,1.1,2,boarding_links,14.172305685013235,1,999999,2,0,4.285714285714286,999999,0.15,4,0,"LINESTRING (-122.39718 37.792688999999996, -122.39708 37.792789)",w_metro_only;w_bus_metro;d_metro_only;d_bus_metro,Bay Area Rapid Transit,-1,1.1.EMBR:0;1;2;3;4;5;6;7;8;9;10;11;12;13;14;15;16;17;18;19;20;21;22;23;24;25;26
1000419,1500029,1000019,metro,1,1.1,2,boarding_links,14.172305685013235,1,999999,2,0,1,999999,0.15,4,0,"LINESTRING (-122.39718 37.792688999999996, -122.39708 37.792789)",w_metro_only;w_bus_metro;d_metro_only;d_bus_metro,Bay Area Rapid Transit,-1,1.1.EMBR:0;1;2;3;4;5;6;7;8;9;10;11;12;13;14;15;16;17;18;19;20;21;22;23;24;25;26
1000420,1000019,1500030,metro,1,1.1,2,boarding_links,14.172305685013235,1,999999,2,0,10,999999,0.15,4,0,"LINESTRING (-122.39718 37.792688999999996, -122.39708 37.792789)",w_metro_only;w_bus_metro;d_metro_only;d_bus_metro,Bay Area Rapid Transit,-1,1.1.EMBR:0;1;2;4;5;6;7;8;9;10;11;12;13;14;15;16;17;18;19;20;21;22;23;24;25
1000421,1500030,1000019,metro,1,1.1,2,boarding_links,14.172305685013235,1,999999,2,0,1,999999,0.15,4,0,"LINESTRING (-122.39718 37.792688999999996, -122.39708 37.792789)",w_metro_only;w_bus_metro;d_metro_only;d_bus_metro,Bay Area Rapid Transit,-1,1.1.EMBR:0;1;2;4;5;6;7;8;9;10;11;12;13;14;15;16;17;18;19;20;21;22;23;24;25
1000422,1000019,1500031,metro,1,1.1,2,boarding_links,14.172305685013235,1,999999,2,0,10,999999,0.15,4,0,"LINESTRING (-122.39718 37.792688999999996, -122.39708 37.792789)",w_metro_only;w_bus_metro;d_metro_only;d_bus_metro,Bay Area Rapid Transit,-1,1.1.EMBR:0;2;3;4;5;6;7;8;9;10;11;12;13;14;15;16;17;18;19;20;21;22;23
1000423,1500031,1000019,metro,1,1.1,2,boarding_links,14.172305685013235,1,999999,2,0,1,999999,0.15,4,0,"LINESTRING (-122.39718 37.792688999999996, -122.39708 37.792789)",w_metro_only;w_bus_metro;d_metro_only;d_bus_metro,Bay Area Rapid Transit,-1,1.1.EMBR:0;2;3;4;5;6;7;8;9;10;11;12;13;14;15;16;17;18;19;20;21;22;23
1000424,1000022,1500032,metro,1,1.1,2,boarding_links,14.176692657066226,1,999999,2,0,4.285714285714286,999999,0.15,4,0,"LINESTRING (-122.433657 37.733169, -122.433557 37.733269)",w_metro_only;w_bus_metro;d_metro_only;d_bus_metro,Bay Area Rapid Transit,-1,1.1.GLEN:0;1;2;3;4;5;6;7;8;9;10;11;12;13;14;15;16;17;18;19;20;21;22;23;24;25;26
1000425,1500032,1000022,metro,1,1.1,2,boarding_links,14.176692657066226,1,999999,2,0,1,999999,0.15,4,0,"LINESTRING (-122.433657 37.733169, -122.433557 37.733269)",w_metro_only;w_bus_metro;d_metro_only;d_bus_metro,Bay Area Rapid Transit,-1,1.1.GLEN:0;1;2;3;4;5;6;7;8;9;10;11;12;13;14;15;16;17;18;19;20;21;22;23;24;25;26
1000426,1000022,1500033,metro,1,1.1,2,boarding_links,14.176692657066226,1,999999,2,0,10,999999,0.15,4,0,"LINESTRING (-122.433657 37.733169, -122.433557 37.733269)",w_metro_only;w_bus_metro;d_metro_only;d_bus_metro,Bay Area Rapid Transit,-1,1.1.GLEN:0;1;2;4;5;6;7;8;9;10;11;12;13;14;15;16;17;18;19;20;21;22;23;24;25
1000427,1500033,1000022,metro,1,1.1,2,boarding_links,14.176692657066226,1,999999,2,0,1,999999,0.15,4,0,"LINESTRING (-122.433657 37.733169, -122.433557 37.733269)",w_metro_only;w_bus_metro;d_metro_only;d_bus_metro,Bay Area Rapid Transit,-1,1.1.GLEN:0;1;2;4;5;6;7;8;9;10;11;12;13;14;15;16;17;18;19;20;21;22;23;24;25
1000428,1000022,1500034,metro,1,1.1,2,boarding_links,14.176692657066226,1,999999,2,0,10,999999,0.15,4,0,"LINESTRING (-122.433657 37.733169, -122.433557 37.733269)",w_metro_only;w_bus_metro;d_metro_only;d_bus_metro,Bay Area Rapid Transit,-1,1.1.GLEN:0;2;3;4;5;6;7;8;9;10;11;12;13;14;15;16;17;18;19;20;21;22;23
1000429,1500034,1000022,metro,1,1.1,2,boarding_links,14.176692657066226,1,999999,2,0,1,999999,0.15,4,0,"LINESTRING (-122.433657 37.733169, -122.433557 37.733269)",w_metro_only;w_bus_metro;d_metro_only;d_bus_metro,Bay Area Rapid Transit,-1,1.1.GLEN:0;2;3;4;5;6;7;8;9;10;11;12;13;14;15;16;17;18;19;20;21;22;23
1000430,1000024,1500035,metro,1,1.1,2,boarding_links,14.164894945959697,1,999999,2,0,4.285714285714286,999999,0.15,4,0,"LINESTRING (-122.124744 37.893119999999996, -122.124644 37.89322)",w_metro_only;w_bus_metro;d_metro_only;d_bus_metro,Bay Area Rapid Transit,-1,1.1.LAFY:0;1;2;3;4;5;6;7;8;9;10;11;12;13;14;15;16;17;18;19;20;21;22;23;24;25;26
1000431,1500035,1000024,metro,1,1.1,2,boarding_links,14.164894945959697,1,999999,2,0,1,999999,0.15,4,0,"LINESTRING (-122.124744 37.893119999999996, -122.124644 37.89322)",w_metro_only;w_bus_metro;d_metro_only;d_bus_metro,Bay Area Rapid Transit,-1,1.1.LAFY:0;1;2;3;4;5;6;7;8;9;10;11;12;13;14;15;16;17;18;19;20;21;22;23;24;25;26
1000432,1000024,1500036,metro,1,1.1,2,boarding_links,14.164894945959697,1,999999,2,0,10,999999,0.15,4,0,"LINESTRING (-122.124744 37.893119999999996, -122.124644 37.89322)",w_metro_only;w_bus_metro;d_metro_only;d_bus_metro,Bay Area Rapid Transit,-1,1.1.LAFY:0;1;2;4;5;6;7;8;9;10;11;12;13;14;15;16;17;18;19;20;21;22;23;24;25
1000433,1500036,1000024,metro,1,1.1,2,boarding_links,14.164894945959697,1,999999,2,0,1,999999,0.15,4,0,"LINESTRING (-122.124744 37.893119999999996, -122.124644 37.89322)",w_metro_only;w_bus_metro;d_metro_only;d_bus_metro,Bay Area Rapid Transit,-1,1.1.LAFY:0;1;2;4;5;6;7;8;9;10;11;12;13;14;15;16;17;18;19;20;21;22;23;24;25
1000434,1000024,1500037,metro,1,1.1,2,boarding_links,14.164894945959697,1,999999,2,0,10,999999,0.15,4,0,"LINESTRING (-122.124744 37.893119999999996, -122.124644 37.89322)",w_metro_only;w_bus_metro;d_metro_only;d_bus_metro,Bay Area Rapid Transit,-1,1.1.LAFY:0;2;3;4;5;6;7;8;9;10;11;12;13;14;15;16;17;18;19;20;21;22;23
1000435,1500037,1000024,metro,1,1.1,2,boarding_links,14.164894945959697,1,999999,2,0,1,999999,0.15,4,0,"LINESTRING (-122.124744 37.893119999999996, -122.124644 37.89322)",w_metro_only;w_bus_metro;d_metro_only;d_bus_metro,Bay Area Rapid Transit,-1,1.1.LAFY:0;2;3;4;5;6;7;8;9;10;11;12;13;14;15;16;17;18;19;20;21;22;23
1000436,1000026,1500038,metro,1,1.1,2,boarding_links,14.169648632053223,1,999999,2,0,4.285714285714286,999999,0.15,4,0,"LINESTRING (-122.267263 37.828714, -122.267163 37.828814)",w_metro_only;w_bus_metro;d_metro_only;d_bus_metro,Bay Area Rapid Transit,-1,1.1.MCAR:0;1;2;3;4;5;6;7;8;9;10;11;12;13;14;15;16;17;18;19;20;21;22;23;24;25;26
1000437,1500038,1000026,metro,1,1.1,2,boarding_links,14.169648632053223,1,999999,2,0,1,999999,0.15,4,0,"LINESTRING (-122.267263 37.828714, -122.267163 37.828814)",w_metro_only;w_bus_metro;d_metro_only;d_bus_metro,Bay Area Rapid Transit,-1,1.1.MCAR:0;1;2;3;4;5;6;7;8;9;10;11;12;13;14;15;16;17;18;19;20;21;22;23;24;25;26
1000438,1000026,1500039,metro,1,1.1,2,boarding_links,14.169648632053223,1,999999,2,0,10,999999,0.15,4,0,"LINESTRING (-122.267263 37.828714, -122.267163 37.828814)",w_metro_only;w_bus_metro;d_metro_only;d_bus_metro,Bay Area Rapid Transit,-1,1.1.MCAR:0;1;2;4;5;6;7;8;9;10;11;12;13;14;15;16;17;18;19;20;21;22;23;24;25
1000439,1500039,1000026,metro,1,1.1,2,boarding_links,14.169648632053223,1,999999,2,0,1,999999,0.15,4,0,"LINESTRING (-122.267263 37.828714, -122.267163 37.828814)",w_metro_only;w_bus_metro;d_metro_only;d_bus_metro,Bay Area Rapid Transit,-1,1.1.MCAR:0;1;2;4;5;6;7;8;9;10;11;12;13;14;15;16;17;18;19;20;21;22;23;24;25
1000440,1000026,1500040,metro,1,1.1,2,boarding_links,14.169648632053223,1,999999,2,0,10,999999,0.15,4,0,"LINESTRING (-122.267263 37.828714, -122.267163 37.828814)",w_metro_only;w_bus_metro;d_metro_only;d_bus_metro,Bay Area Rapid Transit,-1,1.1.MCAR:0;2;3;4;5;6;7;8;9;10;11;12;13;14;15;16;17;18;19;20;21;22;23
1000441,1500040,1000026,metro,1,1.1,2,boarding_links,14.169648632053223,1,999999,2,0,1,999999,0.15,4,0,"LINESTRING (-122.267263 37.828714, -122.267163 37.828814)",w_metro_only;w_bus_metro;d_metro_only;d_bus_metro,Bay Area Rapid Transit,-1,1.1.MCAR:0;2;3;4;5;6;7;8;9;10;11;12;13;14;15;16;17;18;19;20;21;22;23
1000442,1000029,1500041,metro,1,1.1,2,boarding_links,14.172569361829053,1,999999,2,0,4.285714285714286,999999,0.15,4,0,"LINESTRING (-122.401742 37.78911299999999, -122.401642 37.789213)",w_metro_only;w_bus_metro;d_metro_only;d_bus_metro,Bay Area Rapid Transit,-1,1.1.MONT:0;1;2;3;4;5;6;7;8;9;10;11;12;13;14;15;16;17;18;19;20;21;22;23;24;25;26
1000443,1500041,1000029,metro,1,1.1,2,boarding_links,14.172569361829053,1,999999,2,0,1,999999,0.15,4,0,"LINESTRING (-122.401742 37.78911299999999, -122.401642 37.789213)",w_metro_only;w_bus_metro;d_metro_only;d_bus_metro,Bay Area Rapid Transit,-1,1.1.MONT:0;1;2;3;4;5;6;7;8;9;10;11;12;13;14;15;16;17;18;19;20;21;22;23;24;25;26
1000444,1000029,1500042,metro,1,1.1,2,boarding_links,14.172569361829053,1,999999,2,0,10,999999,0.15,4,0,"LINESTRING (-122.401742 37.78911299999999, -122.401642 37.789213)",w_metro_only;w_bus_metro;d_metro_only;d_bus_metro,Bay Area Rapid Transit,-1,1.1.MONT:0;1;2;4;5;6;7;8;9;10;11;12;13;14;15;16;17;18;19;20;21;22;23;24;25
1000445,1500042,1000029,metro,1,1.1,2,boarding_links,14.172569361829053,1,999999,2,0,1,999999,0.15,4,0,"LINESTRING (-122.401742 37.78911299999999, -122.401642 37.789213)",w_metro_only;w_bus_metro;d_metro_only;d_bus_metro,Bay Area Rapid Transit,-1,1.1.MONT:0;1;2;4;5;6;7;8;9;10;11;12;13;14;15;16;17;18;19;20;21;22;23;24;25
1000446,1000029,1500043,metro,1,1.1,2,boarding_links,14.172569361829053,1,999999,2,0,10,999999,0.15,4,0,"LINESTRING (-122.401742 37.78911299999999, -122.401642 37.789213)",w_metro_only;w_bus_metro;d_metro_only;d_bus_metro,Bay Area Rapid Transit,-1,1.1.MONT:0;2;3;4;5;6;7;8;9;10;11;12;13;14;15;16;17;18;19;20;21;22;23
1000447,1500043,1000029,metro,1,1.1,2,boarding_links,14.172569361829053,1,999999,2,0,1,999999,0.15,4,0,"LINESTRING (-122.401742 37.78911299999999, -122.401642 37.789213)",w_metro_only;w_bus_metro;d_metro_only;d_bus_metro,Bay Area Rapid Transit,-1,1.1.MONT:0;2;3;4;5;6;7;8;9;10;11;12;13;14;15;16;17;18;19;20;21;22;23
1000448,1000031,1500044,metro,1,1.1,2,boarding_links,14.156752278283053,1,999999,2,0,4.285714285714286,999999,0.15,4,0,"LINESTRING (-122.02466100000001 38.003307, -122.024561 38.003407)",w_metro_only;w_bus_metro;d_metro_only;d_bus_metro,Bay Area Rapid Transit,-1,1.1.NCON:0;1;2;3;4;5;6;7;8;9;10;11;12;13;14;15;16;17;18;19;20;21;22;23;24;25;26
1000449,1500044,1000031,metro,1,1.1,2,boarding_links,14.156752278283053,1,999999,2,0,1,999999,0.15,4,0,"LINESTRING (-122.02466100000001 38.003307, -122.024561 38.003407)",w_metro_only;w_bus_metro;d_metro_only;d_bus_metro,Bay Area Rapid Transit,-1,1.1.NCON:0;1;2;3;4;5;6;7;8;9;10;11;12;13;14;15;16;17;18;19;20;21;22;23;24;25;26
1000450,1000031,1500045,metro,1,1.1,2,boarding_links,14.156752278283053,1,999999,2,0,10,999999,0.15,4,0,"LINESTRING (-122.02466100000001 38.003307, -122.024561 38.003407)",w_metro_only;w_bus_metro;d_metro_only;d_bus_metro,Bay Area Rapid Transit,-1,1.1.NCON:0;1;2;4;5;6;7;8;9;10;11;12;13;14;15;16;17;18;19;20;21;22;23;24;25
1000451,1500045,1000031,metro,1,1.1,2,boarding_links,14.156752278283053,1,999999,2,0,1,999999,0.15,4,0,"LINESTRING (-122.02466100000001 38.003307, -122.024561 38.003407)",w_metro_only;w_bus_metro;d_metro_only;d_bus_metro,Bay Area Rapid Transit,-1,1.1.NCON:0;1;2;4;5;6;7;8;9;10;11;12;13;14;15;16;17;18;19;20;21;22;23;24;25
1000452,1000033,1500046,metro,1,1.1,2,boarding_links,14.165981560307094,1,999999,2,0,4.285714285714286,999999,0.15,4,0,"LINESTRING (-122.183817 37.878403, -122.183717 37.878503)",w_metro_only;w_bus_metro;d_metro_only;d_bus_metro,Bay Area Rapid Transit,-1,1.1.ORIN:0;1;2;3;4;5;6;7;8;9;10;11;12;13;14;15;16;17;18;19;20;21;22;23;24;25;26
1000453,1500046,1000033,metro,1,1.1,2,boarding_links,14.165981560307094,1,999999,2,0,1,999999,0.15,4,0,"LINESTRING (-122.183817 37.878403, -122.183717 37.878503)",w_metro_only;w_bus_metro;d_metro_only;d_bus_metro,Bay Area Rapid Transit,-1,1.1.ORIN:0;1;2;3;4;5;6;7;8;9;10;11;12;13;14;15;16;17;18;19;20;21;22;23;24;25;26
1000454,1000033,1500047,metro,1,1.1,2,boarding_links,14.165981560307094,1,999999,2,0,10,999999,0.15,4,0,"LINESTRING (-122.183817 37.878403, -122.183717 37.878503)",w_metro_only;w_bus_metro;d_metro_only;d_bus_metro,Bay Area Rapid Transit,-1,1.1.ORIN:0;1;2;4;5;6;7;8;9;10;11;12;13;14;15;16;17;18;19;20;21;22;23;24;25
1000455,1500047,1000033,metro,1,1.1,2,boarding_links,14.165981560307094,1,999999,2,0,1,999999,0.15,4,0,"LINESTRING (-122.183817 37.878403, -122.183717 37.878503)",w_metro_only;w_bus_metro;d_metro_only;d_bus_metro,Bay Area Rapid Transit,-1,1.1.ORIN:0;1;2;4;5;6;7;8;9;10;11;12;13;14;15;16;17;18;19;20;21;22;23;24;25
1000456,1000033,1500048,metro,1,1.1,2,boarding_links,14.165981560307094,1,999999,2,0,10,999999,0.15,4,0,"LINESTRING (-122.183817 37.878403, -122.183717 37.878503)",w_metro_only;w_bus_metro;d_metro_only;d_bus_metro,Bay Area Rapid Transit,-1,1.1.ORIN:0;2;3;4;5;6;7;8;9;10;11;12;13;14;15;16;17;18;19;20;21;22;23
1000457,1500048,1000033,metro,1,1.1,2,boarding_links,14.165981560307094,1,999999,2,0,1,999999,0.15,4,0,"LINESTRING (-122.183817 37.878403, -122.183717 37.878503)",w_metro_only;w_bus_metro;d_metro_only;d_bus_metro,Bay Area Rapid Transit,-1,1.1.ORIN:0;2;3;4;5;6;7;8;9;10;11;12;13;14;15;16;17;18;19;20;21;22;23
1000458,1000034,1500049,metro,1,1.1,2,boarding_links,14.155756300167853,1,999999,2,0,4.285714285714286,999999,0.15,4,0,"LINESTRING (-121.889111 38.01677299999999, -121.889011 38.016873)",w_metro_only;w_bus_metro;d_metro_only;d_bus_metro,Bay Area Rapid Transit,-1,1.1.PCTR:0;1;2;3;4;5;6;7;8;9;10;11;12;13;14;15;16;17;18;19;20;21;22;23;24;25;26
1000459,1500049,1000034,metro,1,1.1,2,boarding_links,14.155756300167853,1,999999,2,0,1,999999,0.15,4,0,"LINESTRING (-121.889111 38.01677299999999, -121.889011 38.016873)",w_metro_only;w_bus_metro;d_metro_only;d_bus_metro,Bay Area Rapid Transit,-1,1.1.PCTR:0;1;2;3;4;5;6;7;8;9;10;11;12;13;14;15;16;17;18;19;20;21;22;23;24;25;26
1000460,1000035,1500050,metro,1,1.1,2,boarding_links,14.162291902592946,1,999999,2,0,4.285714285714286,999999,0.15,4,0,"LINESTRING (-122.056115 37.928363, -122.056015 37.928463)",w_metro_only;w_bus_metro;d_metro_only;d_bus_metro,Bay Area Rapid Transit,-1,1.1.PHIL:0;1;2;3;4;5;6;7;8;9;10;11;12;13;14;15;16;17;18;19;20;21;22;23;24;25;26
1000461,1500050,1000035,metro,1,1.1,2,boarding_links,14.162291902592946,1,999999,2,0,1,999999,0.15,4,0,"LINESTRING (-122.056115 37.928363, -122.056015 37.928463)",w_metro_only;w_bus_metro;d_metro_only;d_bus_metro,Bay Area Rapid Transit,-1,1.1.PHIL:0;1;2;3;4;5;6;7;8;9;10;11;12;13;14;15;16;17;18;19;20;21;22;23;24;25;26
1000462,1000035,1500051,metro,1,1.1,2,boarding_links,14.162291902592946,1,999999,2,0,10,999999,0.15,4,0,"LINESTRING (-122.056115 37.928363, -122.056015 37.928463)",w_metro_only;w_bus_metro;d_metro_only;d_bus_metro,Bay Area Rapid Transit,-1,1.1.PHIL:0;1;2;4;5;6;7;8;9;10;11;12;13;14;15;16;17;18;19;20;21;22;23;24;25
1000463,1500051,1000035,metro,1,1.1,2,boarding_links,14.162291902592946,1,999999,2,0,1,999999,0.15,4,0,"LINESTRING (-122.056115 37.928363, -122.056015 37.928463)",w_metro_only;w_bus_metro;d_metro_only;d_bus_metro,Bay Area Rapid Transit,-1,1.1.PHIL:0;1;2;4;5;6;7;8;9;10;11;12;13;14;15;16;17;18;19;20;21;22;23;24;25
1000464,1000035,1500052,metro,1,1.1,2,boarding_links,14.162291902592946,1,999999,2,0,10,999999,0.15,4,0,"LINESTRING (-122.056115 37.928363, -122.056015 37.928463)",w_metro_only;w_bus_metro;d_metro_only;d_bus_metro,Bay Area Rapid Transit,-1,1.1.PHIL:0;2;3;4;5;6;7;8;9;10;11;12;13;14;15;16;17;18;19;20;21;22;23
1000465,1500052,1000035,metro,1,1.1,2,boarding_links,14.162291902592946,1,999999,2,0,1,999999,0.15,4,0,"LINESTRING (-122.056115 37.928363, -122.056015 37.928463)",w_metro_only;w_bus_metro;d_metro_only;d_bus_metro,Bay Area Rapid Transit,-1,1.1.PHIL:0;2;3;4;5;6;7;8;9;10;11;12;13;14;15;16;17;18;19;20;21;22;23
1000466,1000036,1500053,metro,1,1.1,2,boarding_links,14.155602663586839,1,999999,2,0,4.285714285714286,999999,0.15,4,0,"LINESTRING (-121.944348 38.01884999999999, -121.944248 38.01895)",w_metro_only;w_bus_metro;d_metro_only;d_bus_metro,Bay Area Rapid Transit,-1,1.1.PITT:0;1;2;3;4;5;6;7;8;9;10;11;12;13;14;15;16;17;18;19;20;21;22;23;24;25;26
1000467,1500053,1000036,metro,1,1.1,2,boarding_links,14.155602663586839,1,999999,2,0,1,999999,0.15,4,0,"LINESTRING (-121.944348 38.01884999999999, -121.944248 38.01895)",w_metro_only;w_bus_metro;d_metro_only;d_bus_metro,Bay Area Rapid Transit,-1,1.1.PITT:0;1;2;3;4;5;6;7;8;9;10;11;12;13;14;15;16;17;18;19;20;21;22;23;24;25;26
1000468,1000036,1500054,metro,1,1.1,2,boarding_links,14.155602663586839,1,999999,2,0,10,999999,0.15,4,0,"LINESTRING (-121.944348 38.01884999999999, -121.944248 38.01895)",w_metro_only;w_bus_metro;d_metro_only;d_bus_metro,Bay Area Rapid Transit,-1,1.1.PITT:0;1;2;4;5;6;7;8;9;10;11;12;13;14;15;16;17;18;19;20;21;22;23;24;25
1000469,1500054,1000036,metro,1,1.1,2,boarding_links,14.155602663586839,1,999999,2,0,1,999999,0.15,4,0,"LINESTRING (-121.944348 38.01884999999999, -121.944248 38.01895)",w_metro_only;w_bus_metro;d_metro_only;d_bus_metro,Bay Area Rapid Transit,-1,1.1.PITT:0;1;2;4;5;6;7;8;9;10;11;12;13;14;15;16;17;18;19;20;21;22;23;24;25
1000470,1000038,1500055,metro,1,1.1,2,boarding_links,14.172906164444168,1,999999,2,0,4.285714285714286,999999,0.15,4,0,"LINESTRING (-122.407487 37.784544999999994, -122.407387 37.784645)",w_metro_only;w_bus_metro;d_metro_only;d_bus_metro,Bay Area Rapid Transit,-1,1.1.POWL:0;1;2;3;4;5;6;7;8;9;10;11;12;13;14;15;16;17;18;19;20;21;22;23;24;25;26
1000471,1500055,1000038,metro,1,1.1,2,boarding_links,14.172906164444168,1,999999,2,0,1,999999,0.15,4,0,"LINESTRING (-122.407487 37.784544999999994, -122.407387 37.784645)",w_metro_only;w_bus_metro;d_metro_only;d_bus_metro,Bay Area Rapid Transit,-1,1.1.POWL:0;1;2;3;4;5;6;7;8;9;10;11;12;13;14;15;16;17;18;19;20;21;22;23;24;25;26
1000472,1000038,1500056,metro,1,1.1,2,boarding_links,14.172906164444168,1,999999,2,0,10,999999,0.15,4,0,"LINESTRING (-122.407487 37.784544999999994, -122.407387 37.784645)",w_metro_only;w_bus_metro;d_metro_only;d_bus_metro,Bay Area Rapid Transit,-1,1.1.POWL:0;1;2;4;5;6;7;8;9;10;11;12;13;14;15;16;17;18;19;20;21;22;23;24;25
1000473,1500056,1000038,metro,1,1.1,2,boarding_links,14.172906164444168,1,999999,2,0,1,999999,0.15,4,0,"LINESTRING (-122.407487 37.784544999999994, -122.407387 37.784645)",w_metro_only;w_bus_metro;d_metro_only;d_bus_metro,Bay Area Rapid Transit,-1,1.1.POWL:0;1;2;4;5;6;7;8;9;10;11;12;13;14;15;16;17;18;19;20;21;22;23;24;25
1000474,1000038,1500057,metro,1,1.1,2,boarding_links,14.172906164444168,1,999999,2,0,10,999999,0.15,4,0,"LINESTRING (-122.407487 37.784544999999994, -122.407387 37.784645)",w_metro_only;w_bus_metro;d_metro_only;d_bus_metro,Bay Area Rapid Transit,-1,1.1.POWL:0;2;3;4;5;6;7;8;9;10;11;12;13;14;15;16;17;18;19;20;21;22;23
1000475,1500057,1000038,metro,1,1.1,2,boarding_links,14.172906164444168,1,999999,2,0,1,999999,0.15,4,0,"LINESTRING (-122.407487 37.784544999999994, -122.407387 37.784645)",w_metro_only;w_bus_metro;d_metro_only;d_bus_metro,Bay Area Rapid Transit,-1,1.1.POWL:0;2;3;4;5;6;7;8;9;10;11;12;13;14;15;16;17;18;19;20;21;22;23
1000476,1000040,1500058,metro,1,1.1,2,boarding_links,14.168469507052585,1,999999,2,0,4.285714285714286,999999,0.15,4,0,"LINESTRING (-122.251371 37.844694999999994, -122.251271 37.844795)",w_metro_only;w_bus_metro;d_metro_only;d_bus_metro,Bay Area Rapid Transit,-1,1.1.ROCK:0;1;2;3;4;5;6;7;8;9;10;11;12;13;14;15;16;17;18;19;20;21;22;23;24;25;26
1000477,1500058,1000040,metro,1,1.1,2,boarding_links,14.168469507052585,1,999999,2,0,1,999999,0.15,4,0,"LINESTRING (-122.251371 37.844694999999994, -122.251271 37.844795)",w_metro_only;w_bus_metro;d_metro_only;d_bus_metro,Bay Area Rapid Transit,-1,1.1.ROCK:0;1;2;3;4;5;6;7;8;9;10;11;12;13;14;15;16;17;18;19;20;21;22;23;24;25;26
1000478,1000040,1500059,metro,1,1.1,2,boarding_links,14.168469507052585,1,999999,2,0,10,999999,0.15,4,0,"LINESTRING (-122.251371 37.844694999999994, -122.251271 37.844795)",w_metro_only;w_bus_metro;d_metro_only;d_bus_metro,Bay Area Rapid Transit,-1,1.1.ROCK:0;1;2;4;5;6;7;8;9;10;11;12;13;14;15;16;17;18;19;20;21;22;23;24;25
1000479,1500059,1000040,metro,1,1.1,2,boarding_links,14.168469507052585,1,999999,2,0,1,999999,0.15,4,0,"LINESTRING (-122.251371 37.844694999999994, -122.251271 37.844795)",w_metro_only;w_bus_metro;d_metro_only;d_bus_metro,Bay Area Rapid Transit,-1,1.1.ROCK:0;1;2;4;5;6;7;8;9;10;11;12;13;14;15;16;17;18;19;20;21;22;23;24;25
1000480,1000040,1500060,metro,1,1.1,2,boarding_links,14.168469507052585,1,999999,2,0,10,999999,0.15,4,0,"LINESTRING (-122.251371 37.844694999999994, -122.251271 37.844795)",w_metro_only;w_bus_metro;d_metro_only;d_bus_metro,Bay Area Rapid Transit,-1,1.1.ROCK:0;2;3;4;5;6;7;8;9;10;11;12;13;14;15;16;17;18;19;20;21;22;23
1000481,1500060,1000040,metro,1,1.1,2,boarding_links,14.168469507052585,1,999999,2,0,1,999999,0.15,4,0,"LINESTRING (-122.251371 37.844694999999994, -122.251271 37.844795)",w_metro_only;w_bus_metro;d_metro_only;d_bus_metro,Bay Area Rapid Transit,-1,1.1.ROCK:0;2;3;4;5;6;7;8;9;10;11;12;13;14;15;16;17;18;19;20;21;22;23
1000482,1000042,1500061,metro,1,1.1,2,boarding_links,14.183727394925766,1,999999,2,0,4.285714285714286,999999,0.15,4,0,"LINESTRING (-122.416484 37.63762, -122.416384 37.63772)",w_metro_only;w_bus_metro;d_metro_only;d_bus_metro,Bay Area Rapid Transit,-1,1.1.SBRN:0;1;2;3;4;5;6;7;8;9;10;11;12;13;14;15;16;17;18;19;20;21;22;23;24;25;26
1000483,1500061,1000042,metro,1,1.1,2,boarding_links,14.183727394925766,1,999999,2,0,1,999999,0.15,4,0,"LINESTRING (-122.416484 37.63762, -122.416384 37.63772)",w_metro_only;w_bus_metro;d_metro_only;d_bus_metro,Bay Area Rapid Transit,-1,1.1.SBRN:0;1;2;3;4;5;6;7;8;9;10;11;12;13;14;15;16;17;18;19;20;21;22;23;24;25;26
1000484,1000042,1500062,metro,1,1.1,2,boarding_links,14.183727394925766,1,999999,2,0,10,999999,0.15,4,0,"LINESTRING (-122.416484 37.63762, -122.416384 37.63772)",w_metro_only;w_bus_metro;d_metro_only;d_bus_metro,Bay Area Rapid Transit,-1,1.1.SBRN:0;1;2;4;5;6;7;8;9;10;11;12;13;14;15;16;17;18;19;20;21;22;23;24;25
1000485,1500062,1000042,metro,1,1.1,2,boarding_links,14.183727394925766,1,999999,2,0,1,999999,0.15,4,0,"LINESTRING (-122.416484 37.63762, -122.416384 37.63772)",w_metro_only;w_bus_metro;d_metro_only;d_bus_metro,Bay Area Rapid Transit,-1,1.1.SBRN:0;1;2;4;5;6;7;8;9;10;11;12;13;14;15;16;17;18;19;20;21;22;23;24;25
1000486,1000042,1500063,metro,1,1.1,2,boarding_links,14.183727394925766,1,999999,2,0,10,999999,0.15,4,0,"LINESTRING (-122.416484 37.63762, -122.416384 37.63772)",w_metro_only;w_bus_metro;d_metro_only;d_bus_metro,Bay Area Rapid Transit,-1,1.1.SBRN:0;2;3;4;5;6;7;8;9;10;11;12;13;14;15;16;17;18;19;20;21;22;23
1000487,1500063,1000042,metro,1,1.1,2,boarding_links,14.183727394925766,1,999999,2,0,1,999999,0.15,4,0,"LINESTRING (-122.416484 37.63762, -122.416384 37.63772)",w_metro_only;w_bus_metro;d_metro_only;d_bus_metro,Bay Area Rapid Transit,-1,1.1.SBRN:0;2;3;4;5;6;7;8;9;10;11;12;13;14;15;16;17;18;19;20;21;22;23
1000488,1000043,1500064,metro,1,1.1,2,boarding_links,14.185323481924433,1,999999,2,0,4.285714285714286,999999,0.15,4,0,"LINESTRING (-122.39199500000001 37.615922999999995, -122.391895 37.616023)",w_metro_only;w_bus_metro;d_metro_only;d_bus_metro,Bay Area Rapid Transit,-1,1.1.SFIA:0;1;2;3;4;5;6;7;8;9;10;11;12;13;14;15;16;17;18;19;20;21;22;23;24;25;26
1000489,1500064,1000043,metro,1,1.1,2,boarding_links,14.185323481924433,1,999999,2,0,1,999999,0.15,4,0,"LINESTRING (-122.39199500000001 37.615922999999995, -122.391895 37.616023)",w_metro_only;w_bus_metro;d_metro_only;d_bus_metro,Bay Area Rapid Transit,-1,1.1.SFIA:0;1;2;3;4;5;6;7;8;9;10;11;12;13;14;15;16;17;18;19;20;21;22;23;24;25;26
1000490,1000043,1500065,metro,1,1.1,2,boarding_links,14.185323481924433,1,999999,2,0,10,999999,0.15,4,0,"LINESTRING (-122.39199500000001 37.615922999999995, -122.391895 37.616023)",w_metro_only;w_bus_metro;d_metro_only;d_bus_metro,Bay Area Rapid Transit,-1,1.1.SFIA:0;1;2;4;5;6;7;8;9;10;11;12;13;14;15;16;17;18;19;20;21;22;23;24;25
1000491,1500065,1000043,metro,1,1.1,2,boarding_links,14.185323481924433,1,999999,2,0,1,999999,0.15,4,0,"LINESTRING (-122.39199500000001 37.615922999999995, -122.391895 37.616023)",w_metro_only;w_bus_metro;d_metro_only;d_bus_metro,Bay Area Rapid Transit,-1,1.1.SFIA:0;1;2;4;5;6;7;8;9;10;11;12;13;14;15;16;17;18;19;20;21;22;23;24;25
1000492,1000043,1500066,metro,1,1.1,2,boarding_links,14.185323481924433,1,999999,2,0,10,999999,0.15,4,0,"LINESTRING (-122.39199500000001 37.615922999999995, -122.391895 37.616023)",w_metro_only;w_bus_metro;d_metro_only;d_bus_metro,Bay Area Rapid Transit,-1,1.1.SFIA:0;2;3;4;5;6;7;8;9;10;11;12;13;14;15;16;17;18;19;20;21;22;23
1000493,1500066,1000043,metro,1,1.1,2,boarding_links,14.185323481924433,1,999999,2,0,1,999999,0.15,4,0,"LINESTRING (-122.39199500000001 37.615922999999995, -122.391895 37.616023)",w_metro_only;w_bus_metro;d_metro_only;d_bus_metro,Bay Area Rapid Transit,-1,1.1.SFIA:0;2;3;4;5;6;7;8;9;10;11;12;13;14;15;16;17;18;19;20;21;22;23
1000494,1000045,1500067,metro,1,1.1,2,boarding_links,14.181761340589789,1,999999,2,0,4.285714285714286,999999,0.15,4,0,"LINESTRING (-122.444354 37.664336999999996, -122.444254 37.664437)",w_metro_only;w_bus_metro;d_metro_only;d_bus_metro,Bay Area Rapid Transit,-1,1.1.SSAN:0;1;2;3;4;5;6;7;8;9;10;11;12;13;14;15;16;17;18;19;20;21;22;23;24;25;26
1000495,1500067,1000045,metro,1,1.1,2,boarding_links,14.181761340589789,1,999999,2,0,1,999999,0.15,4,0,"LINESTRING (-122.444354 37.664336999999996, -122.444254 37.664437)",w_metro_only;w_bus_metro;d_metro_only;d_bus_metro,Bay Area Rapid Transit,-1,1.1.SSAN:0;1;2;3;4;5;6;7;8;9;10;11;12;13;14;15;16;17;18;19;20;21;22;23;24;25;26
1000496,1000045,1500068,metro,1,1.1,2,boarding_links,14.181761340589789,1,999999,2,0,10,999999,0.15,4,0,"LINESTRING (-122.444354 37.664336999999996, -122.444254 37.664437)",w_metro_only;w_bus_metro;d_metro_only;d_bus_metro,Bay Area Rapid Transit,-1,1.1.SSAN:0;1;2;4;5;6;7;8;9;10;11;12;13;14;15;16;17;18;19;20;21;22;23;24;25
1000497,1500068,1000045,metro,1,1.1,2,boarding_links,14.181761340589789,1,999999,2,0,1,999999,0.15,4,0,"LINESTRING (-122.444354 37.664336999999996, -122.444254 37.664437)",w_metro_only;w_bus_metro;d_metro_only;d_bus_metro,Bay Area Rapid Transit,-1,1.1.SSAN:0;1;2;4;5;6;7;8;9;10;11;12;13;14;15;16;17;18;19;20;21;22;23;24;25
1000498,1000045,1500069,metro,1,1.1,2,boarding_links,14.181761340589789,1,999999,2,0,10,999999,0.15,4,0,"LINESTRING (-122.444354 37.664336999999996, -122.444254 37.664437)",w_metro_only;w_bus_metro;d_metro_only;d_bus_metro,Bay Area Rapid Transit,-1,1.1.SSAN:0;2;3;4;5;6;7;8;9;10;11;12;13;14;15;16;17;18;19;20;21;22;23
1000499,1500069,1000045,metro,1,1.1,2,boarding_links,14.181761340589789,1,999999,2,0,1,999999,0.15,4,0,"LINESTRING (-122.444354 37.664336999999996, -122.444254 37.664437)",w_metro_only;w_bus_metro;d_metro_only;d_bus_metro,Bay Area Rapid Transit,-1,1.1.SSAN:0;2;3;4;5;6;7;8;9;10;11;12;13;14;15;16;17;18;19;20;21;22;23
1000500,1000048,1500070,metro,1,1.1,2,boarding_links,14.163965050323407,1,999999,2,0,4.285714285714286,999999,0.15,4,0,"LINESTRING (-122.067479 37.905711999999994, -122.067379 37.905812)",w_metro_only;w_bus_metro;d_metro_only;d_bus_metro,Bay Area Rapid Transit,-1,1.1.WCRK:0;1;2;3;4;5;6;7;8;9;10;11;12;13;14;15;16;17;18;19;20;21;22;23;24;25;26
1000501,1500070,1000048,metro,1,1.1,2,boarding_links,14.163965050323407,1,999999,2,0,1,999999,0.15,4,0,"LINESTRING (-122.067479 37.905711999999994, -122.067379 37.905812)",w_metro_only;w_bus_metro;d_metro_only;d_bus_metro,Bay Area Rapid Transit,-1,1.1.WCRK:0;1;2;3;4;5;6;7;8;9;10;11;12;13;14;15;16;17;18;19;20;21;22;23;24;25;26
1000502,1000048,1500071,metro,1,1.1,2,boarding_links,14.163965050323407,1,999999,2,0,10,999999,0.15,4,0,"LINESTRING (-122.067479 37.905711999999994, -122.067379 37.905812)",w_metro_only;w_bus_metro;d_metro_only;d_bus_metro,Bay Area Rapid Transit,-1,1.1.WCRK:0;1;2;4;5;6;7;8;9;10;11;12;13;14;15;16;17;18;19;20;21;22;23;24;25
1000503,1500071,1000048,metro,1,1.1,2,boarding_links,14.163965050323407,1,999999,2,0,1,999999,0.15,4,0,"LINESTRING (-122.067479 37.905711999999994, -122.067379 37.905812)",w_metro_only;w_bus_metro;d_metro_only;d_bus_metro,Bay Area Rapid Transit,-1,1.1.WCRK:0;1;2;4;5;6;7;8;9;10;11;12;13;14;15;16;17;18;19;20;21;22;23;24;25
1000504,1000048,1500072,metro,1,1.1,2,boarding_links,14.163965050323407,1,999999,2,0,10,999999,0.15,4,0,"LINESTRING (-122.067479 37.905711999999994, -122.067379 37.905812)",w_metro_only;w_bus_metro;d_metro_only;d_bus_metro,Bay Area Rapid Transit,-1,1.1.WCRK:0;2;3;4;5;6;7;8;9;10;11;12;13;14;15;16;17;18;19;20;21;22;23
1000505,1500072,1000048,metro,1,1.1,2,boarding_links,14.163965050323407,1,999999,2,0,1,999999,0.15,4,0,"LINESTRING (-122.067479 37.905711999999994, -122.067379 37.905812)",w_metro_only;w_bus_metro;d_metro_only;d_bus_metro,Bay Area Rapid Transit,-1,1.1.WCRK:0;2;3;4;5;6;7;8;9;10;11;12;13;14;15;16;17;18;19;20;21;22;23
1000506,1000050,1500073,metro,1,1.1,2,boarding_links,14.171410883375088,1,999999,2,0,4.285714285714286,999999,0.15,4,0,"LINESTRING (-122.295244 37.804823, -122.295144 37.804923)",w_metro_only;w_bus_metro;d_metro_only;d_bus_metro,Bay Area Rapid Transit,-1,1.1.WOAK:0;1;2;3;4;5;6;7;8;9;10;11;12;13;14;15;16;17;18;19;20;21;22;23;24;25;26
1000507,1500073,1000050,metro,1,1.1,2,boarding_links,14.171410883375088,1,999999,2,0,1,999999,0.15,4,0,"LINESTRING (-122.295244 37.804823, -122.295144 37.804923)",w_metro_only;w_bus_metro;d_metro_only;d_bus_metro,Bay Area Rapid Transit,-1,1.1.WOAK:0;1;2;3;4;5;6;7;8;9;10;11;12;13;14;15;16;17;18;19;20;21;22;23;24;25;26
1000508,1000050,1500074,metro,1,1.1,2,boarding_links,14.171410883375088,1,999999,2,0,10,999999,0.15,4,0,"LINESTRING (-122.295244 37.804823, -122.295144 37.804923)",w_metro_only;w_bus_metro;d_metro_only;d_bus_metro,Bay Area Rapid Transit,-1,1.1.WOAK:0;1;2;4;5;6;7;8;9;10;11;12;13;14;15;16;17;18;19;20;21;22;23;24;25
1000509,1500074,1000050,metro,1,1.1,2,boarding_links,14.171410883375088,1,999999,2,0,1,999999,0.15,4,0,"LINESTRING (-122.295244 37.804823, -122.295144 37.804923)",w_metro_only;w_bus_metro;d_metro_only;d_bus_metro,Bay Area Rapid Transit,-1,1.1.WOAK:0;1;2;4;5;6;7;8;9;10;11;12;13;14;15;16;17;18;19;20;21;22;23;24;25
1000510,1000050,1500075,metro,1,1.1,2,boarding_links,14.171410883375088,1,999999,2,0,10,999999,0.15,4,0,"LINESTRING (-122.295244 37.804823, -122.295144 37.804923)",w_metro_only;w_bus_metro;d_metro_only;d_bus_metro,Bay Area Rapid Transit,-1,1.1.WOAK:0;2;3;4;5;6;7;8;9;10;11;12;13;14;15;16;17;18;19;20;21;22;23
1000511,1500075,1000050,metro,1,1.1,2,boarding_links,14.171410883375088,1,999999,2,0,1,999999,0.15,4,0,"LINESTRING (-122.295244 37.804823, -122.295144 37.804923)",w_metro_only;w_bus_metro;d_metro_only;d_bus_metro,Bay Area Rapid Transit,-1,1.1.WOAK:0;2;3;4;5;6;7;8;9;10;11;12;13;14;15;16;17;18;19;20;21;22;23
1000512,1000002,1500076,metro,1,11.1,2,boarding_links,14.174341385964397,1,999999,2,0,3.75,999999,0.15,4,0,"LINESTRING (-122.419855 37.76507599999999, -122.419755 37.765176)",w_metro_only;w_bus_metro;d_metro_only;d_bus_metro,Bay Area Rapid Transit,-1,11.1.16TH:0;1;2;3;4;5;6;7;8;9;10;11;12;13;14;15;16;17
1000513,1500076,1000002,metro,1,11.1,2,boarding_links,14.174341385964397,1,999999,2,0,1,999999,0.15,4,0,"LINESTRING (-122.419855 37.76507599999999, -122.419755 37.765176)",w_metro_only;w_bus_metro;d_metro_only;d_bus_metro,Bay Area Rapid Transit,-1,11.1.16TH:0;1;2;3;4;5;6;7;8;9;10;11;12;13;14;15;16;17
1000514,1000004,1500077,metro,1,11.1,2,boarding_links,14.175281373962715,1,999999,2,0,3.75,999999,0.15,4,0,"LINESTRING (-122.41861800000001 37.752322, -122.418518 37.752422)",w_metro_only;w_bus_metro;d_metro_only;d_bus_metro,Bay Area Rapid Transit,-1,11.1.24TH:0;1;2;3;4;5;6;7;8;9;10;11;12;13;14;15;16;17
1000515,1500077,1000004,metro,1,11.1,2,boarding_links,14.175281373962715,1,999999,2,0,1,999999,0.15,4,0,"LINESTRING (-122.41861800000001 37.752322, -122.418518 37.752422)",w_metro_only;w_bus_metro;d_metro_only;d_bus_metro,Bay Area Rapid Transit,-1,11.1.24TH:0;1;2;3;4;5;6;7;8;9;10;11;12;13;14;15;16;17
1000516,1000007,1500078,metro,1,11.1,2,boarding_links,14.177540656470589,1,999999,2,0,3.75,999999,0.15,4,0,"LINESTRING (-122.44761 37.721658, -122.44751 37.721758)",w_metro_only;w_bus_metro;d_metro_only;d_bus_metro,Bay Area Rapid Transit,-1,11.1.BALB:0;1;2;3;4;5;6;7;8;9;10;11;12;13;14;15;16;17
1000517,1500078,1000007,metro,1,11.1,2,boarding_links,14.177540656470589,1,999999,2,0,1,999999,0.15,4,0,"LINESTRING (-122.44761 37.721658, -122.44751 37.721758)",w_metro_only;w_bus_metro;d_metro_only;d_bus_metro,Bay Area Rapid Transit,-1,11.1.BALB:0;1;2;3;4;5;6;7;8;9;10;11;12;13;14;15;16;17
1000518,1000008,1500079,metro,1,11.1,2,boarding_links,14.179368637695685,1,999999,2,0,3.75,999999,0.15,4,0,"LINESTRING (-122.126531 37.696838, -122.126431 37.696938)",w_metro_only;w_bus_metro;d_metro_only;d_bus_metro,Bay Area Rapid Transit,-1,11.1.BAYF:0;1;2;3;4;5;6;7;8;9;10;11;12;13;14;15;16;17
1000519,1500079,1000008,metro,1,11.1,2,boarding_links,14.179368637695685,1,999999,2,0,1,999999,0.15,4,0,"LINESTRING (-122.126531 37.696838, -122.126431 37.696938)",w_metro_only;w_bus_metro;d_metro_only;d_bus_metro,Bay Area Rapid Transit,-1,11.1.BAYF:0;1;2;3;4;5;6;7;8;9;10;11;12;13;14;15;16;17
1000520,1000010,1500080,metro,1,11.1,2,boarding_links,14.17982236567314,1,999999,2,0,3.75,999999,0.15,4,0,"LINESTRING (-122.075715 37.690675999999996, -122.075615 37.690776)",w_metro_only;w_bus_metro;d_metro_only;d_bus_metro,Bay Area Rapid Transit,-1,11.1.CAST:0;1;2;3;4;5;6;7;8;9;10;11;12;13;14;15;16;17
1000521,1500080,1000010,metro,1,11.1,2,boarding_links,14.17982236567314,1,999999,2,0,1,999999,0.15,4,0,"LINESTRING (-122.075715 37.690675999999996, -122.075615 37.690776)",w_metro_only;w_bus_metro;d_metro_only;d_bus_metro,Bay Area Rapid Transit,-1,11.1.CAST:0;1;2;3;4;5;6;7;8;9;10;11;12;13;14;15;16;17
1000522,1000011,1500081,metro,1,11.1,2,boarding_links,14.173289169793485,1,999999,2,0,3.75,999999,0.15,4,0,"LINESTRING (-122.413979 37.779349999999994, -122.413879 37.77945)",w_metro_only;w_bus_metro;d_metro_only;d_bus_metro,Bay Area Rapid Transit,-1,11.1.CIVC:0;1;2;3;4;5;6;7;8;9;10;11;12;13;14;15;16;17
1000523,1500081,1000011,metro,1,11.1,2,boarding_links,14.173289169793485,1,999999,2,0,1,999999,0.15,4,0,"LINESTRING (-122.413979 37.779349999999994, -122.413879 37.77945)",w_metro_only;w_bus_metro;d_metro_only;d_bus_metro,Bay Area Rapid Transit,-1,11.1.CIVC:0;1;2;3;4;5;6;7;8;9;10;11;12;13;14;15;16;17
1000524,1000013,1500082,metro,1,11.1,2,boarding_links,14.175194266042341,1,999999,2,0,3.75,999999,0.15,4,0,"LINESTRING (-122.196798 37.753504, -122.196698 37.753604)",w_metro_only;w_bus_metro;d_metro_only;d_bus_metro,Bay Area Rapid Transit,-1,11.1.COLS:0;1;2;3;4;5;6;7;8;9;10;11;12;13;14;15;16;17
1000525,1500082,1000013,metro,1,11.1,2,boarding_links,14.175194266042341,1,999999,2,0,1,999999,0.15,4,0,"LINESTRING (-122.196798 37.753504, -122.196698 37.753604)",w_metro_only;w_bus_metro;d_metro_only;d_bus_metro,Bay Area Rapid Transit,-1,11.1.COLS:0;1;2;3;4;5;6;7;8;9;10;11;12;13;14;15;16;17
1000526,1000015,1500083,metro,1,11.1,2,boarding_links,14.178678912330763,1,999999,2,0,3.75,999999,0.15,4,0,"LINESTRING (-122.469094 37.706204, -122.468994 37.706304)",w_metro_only;w_bus_metro;d_metro_only;d_bus_metro,Bay Area Rapid Transit,-1,11.1.DALY:0;1;2;3;4;5;6;7;8;9;10;11;12;13;14;15;16;17
1000527,1500083,1000015,metro,1,11.1,2,boarding_links,14.178678912330763,1,999999,2,0,1,999999,0.15,4,0,"LINESTRING (-122.469094 37.706204, -122.468994 37.706304)",w_metro_only;w_bus_metro;d_metro_only;d_bus_metro,Bay Area Rapid Transit,-1,11.1.DALY:0;1;2;3;4;5;6;7;8;9;10;11;12;13;14;15;16;17
1000528,1000018,1500084,metro,1,11.1,2,boarding_links,14.179018558005433,1,999999,2,0,3.75,999999,0.15,4,0,"LINESTRING (-121.899342 37.701592, -121.899242 37.701692)",w_metro_only;w_bus_metro;d_metro_only;d_bus_metro,Bay Area Rapid Transit,-1,11.1.DUBL:0;1;2;3;4;5;6;7;8;9;10;11;12;13;14;15;16;17
1000529,1500084,1000018,metro,1,11.1,2,boarding_links,14.179018558005433,1,999999,2,0,1,999999,0.15,4,0,"LINESTRING (-121.899342 37.701592, -121.899242 37.701692)",w_metro_only;w_bus_metro;d_metro_only;d_bus_metro,Bay Area Rapid Transit,-1,11.1.DUBL:0;1;2;3;4;5;6;7;8;9;10;11;12;13;14;15;16;17
1000530,1000019,1500085,metro,1,11.1,2,boarding_links,14.172305685013235,1,999999,2,0,3.75,999999,0.15,4,0,"LINESTRING (-122.39718 37.792688999999996, -122.39708 37.792789)",w_metro_only;w_bus_metro;d_metro_only;d_bus_metro,Bay Area Rapid Transit,-1,11.1.EMBR:0;1;2;3;4;5;6;7;8;9;10;11;12;13;14;15;16;17
1000531,1500085,1000019,metro,1,11.1,2,boarding_links,14.172305685013235,1,999999,2,0,1,999999,0.15,4,0,"LINESTRING (-122.39718 37.792688999999996, -122.39708 37.792789)",w_metro_only;w_bus_metro;d_metro_only;d_bus_metro,Bay Area Rapid Transit,-1,11.1.EMBR:0;1;2;3;4;5;6;7;8;9;10;11;12;13;14;15;16;17
1000532,1000021,1500086,metro,1,11.1,2,boarding_links,14.17362658922421,1,999999,2,0,3.75,999999,0.15,4,0,"LINESTRING (-122.22416700000001 37.774772999999996, -122.224067 37.774873)",w_metro_only;w_bus_metro;d_metro_only;d_bus_metro,Bay Area Rapid Transit,-1,11.1.FTVL:0;1;2;3;4;5;6;7;8;9;10;11;12;13;14;15;16;17
1000533,1500086,1000021,metro,1,11.1,2,boarding_links,14.17362658922421,1,999999,2,0,1,999999,0.15,4,0,"LINESTRING (-122.22416700000001 37.774772999999996, -122.224067 37.774873)",w_metro_only;w_bus_metro;d_metro_only;d_bus_metro,Bay Area Rapid Transit,-1,11.1.FTVL:0;1;2;3;4;5;6;7;8;9;10;11;12;13;14;15;16;17
1000534,1000022,1500087,metro,1,11.1,2,boarding_links,14.176692657066226,1,999999,2,0,3.75,999999,0.15,4,0,"LINESTRING (-122.433657 37.733169, -122.433557 37.733269)",w_metro_only;w_bus_metro;d_metro_only;d_bus_metro,Bay Area Rapid Transit,-1,11.1.GLEN:0;1;2;3;4;5;6;7;8;9;10;11;12;13;14;15;16;17
1000535,1500087,1000022,metro,1,11.1,2,boarding_links,14.176692657066226,1,999999,2,0,1,999999,0.15,4,0,"LINESTRING (-122.433657 37.733169, -122.433557 37.733269)",w_metro_only;w_bus_metro;d_metro_only;d_bus_metro,Bay Area Rapid Transit,-1,11.1.GLEN:0;1;2;3;4;5;6;7;8;9;10;11;12;13;14;15;16;17
1000536,1000025,1500088,metro,1,11.1,2,boarding_links,14.171968843509614,1,999999,2,0,3.75,999999,0.15,4,0,"LINESTRING (-122.265332 37.797256999999995, -122.265232 37.797357)",w_metro_only;w_bus_metro;d_metro_only;d_bus_metro,Bay Area Rapid Transit,-1,11.1.LAKE:0;1;2;3;4;5;6;7;8;9;10;11;12;13;14;15;16;17
1000537,1500088,1000025,metro,1,11.1,2,boarding_links,14.171968843509614,1,999999,2,0,1,999999,0.15,4,0,"LINESTRING (-122.265332 37.797256999999995, -122.265232 37.797357)",w_metro_only;w_bus_metro;d_metro_only;d_bus_metro,Bay Area Rapid Transit,-1,11.1.LAKE:0;1;2;3;4;5;6;7;8;9;10;11;12;13;14;15;16;17
1000538,1000029,1500089,metro,1,11.1,2,boarding_links,14.172569361829053,1,999999,2,0,3.75,999999,0.15,4,0,"LINESTRING (-122.401742 37.78911299999999, -122.401642 37.789213)",w_metro_only;w_bus_metro;d_metro_only;d_bus_metro,Bay Area Rapid Transit,-1,11.1.MONT:0;1;2;3;4;5;6;7;8;9;10;11;12;13;14;15;16;17
1000539,1500089,1000029,metro,1,11.1,2,boarding_links,14.172569361829053,1,999999,2,0,1,999999,0.15,4,0,"LINESTRING (-122.401742 37.78911299999999, -122.401642 37.789213)",w_metro_only;w_bus_metro;d_metro_only;d_bus_metro,Bay Area Rapid Transit,-1,11.1.MONT:0;1;2;3;4;5;6;7;8;9;10;11;12;13;14;15;16;17
1000540,1000038,1500090,metro,1,11.1,2,boarding_links,14.172906164444168,1,999999,2,0,3.75,999999,0.15,4,0,"LINESTRING (-122.407487 37.784544999999994, -122.407387 37.784645)",w_metro_only;w_bus_metro;d_metro_only;d_bus_metro,Bay Area Rapid Transit,-1,11.1.POWL:0;1;2;3;4;5;6;7;8;9;10;11;12;13;14;15;16;17
1000541,1500090,1000038,metro,1,11.1,2,boarding_links,14.172906164444168,1,999999,2,0,1,999999,0.15,4,0,"LINESTRING (-122.407487 37.784544999999994, -122.407387 37.784645)",w_metro_only;w_bus_metro;d_metro_only;d_bus_metro,Bay Area Rapid Transit,-1,11.1.POWL:0;1;2;3;4;5;6;7;8;9;10;11;12;13;14;15;16;17
1000542,1000041,1500091,metro,1,11.1,2,boarding_links,14.177537120666074,1,999999,2,0,3.75,999999,0.15,4,0,"LINESTRING (-122.160813 37.721706, -122.160713 37.721806)",w_metro_only;w_bus_metro;d_metro_only;d_bus_metro,Bay Area Rapid Transit,-1,11.1.SANL:0;1;2;3;4;5;6;7;8;9;10;11;12;13;14;15;16;17
1000543,1500091,1000041,metro,1,11.1,2,boarding_links,14.177537120666074,1,999999,2,0,1,999999,0.15,4,0,"LINESTRING (-122.160813 37.721706, -122.160713 37.721806)",w_metro_only;w_bus_metro;d_metro_only;d_bus_metro,Bay Area Rapid Transit,-1,11.1.SANL:0;1;2;3;4;5;6;7;8;9;10;11;12;13;14;15;16;17
1000544,1000049,1500092,metro,1,11.1,2,boarding_links,14.179160831374368,1,999999,2,0,3.75,999999,0.15,4,0,"LINESTRING (-121.92840100000001 37.699659999999994, -121.928301 37.69976)",w_metro_only;w_bus_metro;d_metro_only;d_bus_metro,Bay Area Rapid Transit,-1,11.1.WDUB:0;1;2;3;4;5;6;7;8;9;10;11;12;13;14;15;16;17
1000545,1500092,1000049,metro,1,11.1,2,boarding_links,14.179160831374368,1,999999,2,0,1,999999,0.15,4,0,"LINESTRING (-121.92840100000001 37.699659999999994, -121.928301 37.69976)",w_metro_only;w_bus_metro;d_metro_only;d_bus_metro,Bay Area Rapid Transit,-1,11.1.WDUB:0;1;2;3;4;5;6;7;8;9;10;11;12;13;14;15;16;17
1000546,1000050,1500093,metro,1,11.1,2,boarding_links,14.171410883375088,1,999999,2,0,3.75,999999,0.15,4,0,"LINESTRING (-122.295244 37.804823, -122.295144 37.804923)",w_metro_only;w_bus_metro;d_metro_only;d_bus_metro,Bay Area Rapid Transit,-1,11.1.WOAK:0;1;2;3;4;5;6;7;8;9;10;11;12;13;14;15;16;17
1000547,1500093,1000050,metro,1,11.1,2,boarding_links,14.171410883375088,1,999999,2,0,1,999999,0.15,4,0,"LINESTRING (-122.295244 37.804823, -122.295144 37.804923)",w_metro_only;w_bus_metro;d_metro_only;d_bus_metro,Bay Area Rapid Transit,-1,11.1.WOAK:0;1;2;3;4;5;6;7;8;9;10;11;12;13;14;15;16;17
1000548,1000002,1500094,metro,1,12.2,2,boarding_links,14.174341385964397,1,999999,2,0,5,999999,0.15,4,0,"LINESTRING (-122.419855 37.76507599999999, -122.419755 37.765176)",w_metro_only;w_bus_metro;d_metro_only;d_bus_metro,Bay Area Rapid Transit,-1,12.2.16TH:0;1;2;3;4;5;6;7;8;9;10;11;12;13;14;15;16;17
1000549,1500094,1000002,metro,1,12.2,2,boarding_links,14.174341385964397,1,999999,2,0,1,999999,0.15,4,0,"LINESTRING (-122.419855 37.76507599999999, -122.419755 37.765176)",w_metro_only;w_bus_metro;d_metro_only;d_bus_metro,Bay Area Rapid Transit,-1,12.2.16TH:0;1;2;3;4;5;6;7;8;9;10;11;12;13;14;15;16;17
1000550,1000004,1500095,metro,1,12.2,2,boarding_links,14.175281373962715,1,999999,2,0,5,999999,0.15,4,0,"LINESTRING (-122.41861800000001 37.752322, -122.418518 37.752422)",w_metro_only;w_bus_metro;d_metro_only;d_bus_metro,Bay Area Rapid Transit,-1,12.2.24TH:0;1;2;3;4;5;6;7;8;9;10;11;12;13;14;15;16;17
1000551,1500095,1000004,metro,1,12.2,2,boarding_links,14.175281373962715,1,999999,2,0,1,999999,0.15,4,0,"LINESTRING (-122.41861800000001 37.752322, -122.418518 37.752422)",w_metro_only;w_bus_metro;d_metro_only;d_bus_metro,Bay Area Rapid Transit,-1,12.2.24TH:0;1;2;3;4;5;6;7;8;9;10;11;12;13;14;15;16;17
1000552,1000007,1500096,metro,1,12.2,2,boarding_links,14.177540656470589,1,999999,2,0,5,999999,0.15,4,0,"LINESTRING (-122.44761 37.721658, -122.44751 37.721758)",w_metro_only;w_bus_metro;d_metro_only;d_bus_metro,Bay Area Rapid Transit,-1,12.2.BALB:0;1;2;3;4;5;6;7;8;9;10;11;12;13;14;15;16;17
1000553,1500096,1000007,metro,1,12.2,2,boarding_links,14.177540656470589,1,999999,2,0,1,999999,0.15,4,0,"LINESTRING (-122.44761 37.721658, -122.44751 37.721758)",w_metro_only;w_bus_metro;d_metro_only;d_bus_metro,Bay Area Rapid Transit,-1,12.2.BALB:0;1;2;3;4;5;6;7;8;9;10;11;12;13;14;15;16;17
1000554,1000008,1500097,metro,1,12.2,2,boarding_links,14.179368637695685,1,999999,2,0,5,999999,0.15,4,0,"LINESTRING (-122.126531 37.696838, -122.126431 37.696938)",w_metro_only;w_bus_metro;d_metro_only;d_bus_metro,Bay Area Rapid Transit,-1,12.2.BAYF:0;1;2;3;4;5;6;7;8;9;10;11;12;13;14;15;16;17
1000555,1500097,1000008,metro,1,12.2,2,boarding_links,14.179368637695685,1,999999,2,0,1,999999,0.15,4,0,"LINESTRING (-122.126531 37.696838, -122.126431 37.696938)",w_metro_only;w_bus_metro;d_metro_only;d_bus_metro,Bay Area Rapid Transit,-1,12.2.BAYF:0;1;2;3;4;5;6;7;8;9;10;11;12;13;14;15;16;17
1000556,1000010,1500098,metro,1,12.2,2,boarding_links,14.17982236567314,1,999999,2,0,5,999999,0.15,4,0,"LINESTRING (-122.075715 37.690675999999996, -122.075615 37.690776)",w_metro_only;w_bus_metro;d_metro_only;d_bus_metro,Bay Area Rapid Transit,-1,12.2.CAST:0;1;2;3;4;5;6;7;8;9;10;11;12;13;14;15;16;17
1000557,1500098,1000010,metro,1,12.2,2,boarding_links,14.17982236567314,1,999999,2,0,1,999999,0.15,4,0,"LINESTRING (-122.075715 37.690675999999996, -122.075615 37.690776)",w_metro_only;w_bus_metro;d_metro_only;d_bus_metro,Bay Area Rapid Transit,-1,12.2.CAST:0;1;2;3;4;5;6;7;8;9;10;11;12;13;14;15;16;17
1000558,1000011,1500099,metro,1,12.2,2,boarding_links,14.173289169793485,1,999999,2,0,5,999999,0.15,4,0,"LINESTRING (-122.413979 37.779349999999994, -122.413879 37.77945)",w_metro_only;w_bus_metro;d_metro_only;d_bus_metro,Bay Area Rapid Transit,-1,12.2.CIVC:0;1;2;3;4;5;6;7;8;9;10;11;12;13;14;15;16;17
1000559,1500099,1000011,metro,1,12.2,2,boarding_links,14.173289169793485,1,999999,2,0,1,999999,0.15,4,0,"LINESTRING (-122.413979 37.779349999999994, -122.413879 37.77945)",w_metro_only;w_bus_metro;d_metro_only;d_bus_metro,Bay Area Rapid Transit,-1,12.2.CIVC:0;1;2;3;4;5;6;7;8;9;10;11;12;13;14;15;16;17
1000560,1000013,1500100,metro,1,12.2,2,boarding_links,14.175194266042341,1,999999,2,0,5,999999,0.15,4,0,"LINESTRING (-122.196798 37.753504, -122.196698 37.753604)",w_metro_only;w_bus_metro;d_metro_only;d_bus_metro,Bay Area Rapid Transit,-1,12.2.COLS:0;1;2;3;4;5;6;7;8;9;10;11;12;13;14;15;16;17
1000561,1500100,1000013,metro,1,12.2,2,boarding_links,14.175194266042341,1,999999,2,0,1,999999,0.15,4,0,"LINESTRING (-122.196798 37.753504, -122.196698 37.753604)",w_metro_only;w_bus_metro;d_metro_only;d_bus_metro,Bay Area Rapid Transit,-1,12.2.COLS:0;1;2;3;4;5;6;7;8;9;10;11;12;13;14;15;16;17
1000562,1000015,1500101,metro,1,12.2,2,boarding_links,14.178678912330763,1,999999,2,0,5,999999,0.15,4,0,"LINESTRING (-122.469094 37.706204, -122.468994 37.706304)",w_metro_only;w_bus_metro;d_metro_only;d_bus_metro,Bay Area Rapid Transit,-1,12.2.DALY:0;1;2;3;4;5;6;7;8;9;10;11;12;13;14;15;16;17
1000563,1500101,1000015,metro,1,12.2,2,boarding_links,14.178678912330763,1,999999,2,0,1,999999,0.15,4,0,"LINESTRING (-122.469094 37.706204, -122.468994 37.706304)",w_metro_only;w_bus_metro;d_metro_only;d_bus_metro,Bay Area Rapid Transit,-1,12.2.DALY:0;1;2;3;4;5;6;7;8;9;10;11;12;13;14;15;16;17
1000564,1000018,1500102,metro,1,12.2,2,boarding_links,14.179018558005433,1,999999,2,0,5,999999,0.15,4,0,"LINESTRING (-121.899342 37.701592, -121.899242 37.701692)",w_metro_only;w_bus_metro;d_metro_only;d_bus_metro,Bay Area Rapid Transit,-1,12.2.DUBL:0;1;2;3;4;5;6;7;8;9;10;11;12;13;14;15;16;17
1000565,1500102,1000018,metro,1,12.2,2,boarding_links,14.179018558005433,1,999999,2,0,1,999999,0.15,4,0,"LINESTRING (-121.899342 37.701592, -121.899242 37.701692)",w_metro_only;w_bus_metro;d_metro_only;d_bus_metro,Bay Area Rapid Transit,-1,12.2.DUBL:0;1;2;3;4;5;6;7;8;9;10;11;12;13;14;15;16;17
1000566,1000019,1500103,metro,1,12.2,2,boarding_links,14.172305685013235,1,999999,2,0,5,999999,0.15,4,0,"LINESTRING (-122.39718 37.792688999999996, -122.39708 37.792789)",w_metro_only;w_bus_metro;d_metro_only;d_bus_metro,Bay Area Rapid Transit,-1,12.2.EMBR:0;1;2;3;4;5;6;7;8;9;10;11;12;13;14;15;16;17
1000567,1500103,1000019,metro,1,12.2,2,boarding_links,14.172305685013235,1,999999,2,0,1,999999,0.15,4,0,"LINESTRING (-122.39718 37.792688999999996, -122.39708 37.792789)",w_metro_only;w_bus_metro;d_metro_only;d_bus_metro,Bay Area Rapid Transit,-1,12.2.EMBR:0;1;2;3;4;5;6;7;8;9;10;11;12;13;14;15;16;17
1000568,1000021,1500104,metro,1,12.2,2,boarding_links,14.17362658922421,1,999999,2,0,5,999999,0.15,4,0,"LINESTRING (-122.22416700000001 37.774772999999996, -122.224067 37.774873)",w_metro_only;w_bus_metro;d_metro_only;d_bus_metro,Bay Area Rapid Transit,-1,12.2.FTVL:0;1;2;3;4;5;6;7;8;9;10;11;12;13;14;15;16;17
1000569,1500104,1000021,metro,1,12.2,2,boarding_links,14.17362658922421,1,999999,2,0,1,999999,0.15,4,0,"LINESTRING (-122.22416700000001 37.774772999999996, -122.224067 37.774873)",w_metro_only;w_bus_metro;d_metro_only;d_bus_metro,Bay Area Rapid Transit,-1,12.2.FTVL:0;1;2;3;4;5;6;7;8;9;10;11;12;13;14;15;16;17
1000570,1000022,1500105,metro,1,12.2,2,boarding_links,14.176692657066226,1,999999,2,0,5,999999,0.15,4,0,"LINESTRING (-122.433657 37.733169, -122.433557 37.733269)",w_metro_only;w_bus_metro;d_metro_only;d_bus_metro,Bay Area Rapid Transit,-1,12.2.GLEN:0;1;2;3;4;5;6;7;8;9;10;11;12;13;14;15;16;17
1000571,1500105,1000022,metro,1,12.2,2,boarding_links,14.176692657066226,1,999999,2,0,1,999999,0.15,4,0,"LINESTRING (-122.433657 37.733169, -122.433557 37.733269)",w_metro_only;w_bus_metro;d_metro_only;d_bus_metro,Bay Area Rapid Transit,-1,12.2.GLEN:0;1;2;3;4;5;6;7;8;9;10;11;12;13;14;15;16;17
1000572,1000025,1500106,metro,1,12.2,2,boarding_links,14.171968843509614,1,999999,2,0,5,999999,0.15,4,0,"LINESTRING (-122.265332 37.797256999999995, -122.265232 37.797357)",w_metro_only;w_bus_metro;d_metro_only;d_bus_metro,Bay Area Rapid Transit,-1,12.2.LAKE:0;1;2;3;4;5;6;7;8;9;10;11;12;13;14;15;16;17
1000573,1500106,1000025,metro,1,12.2,2,boarding_links,14.171968843509614,1,999999,2,0,1,999999,0.15,4,0,"LINESTRING (-122.265332 37.797256999999995, -122.265232 37.797357)",w_metro_only;w_bus_metro;d_metro_only;d_bus_metro,Bay Area Rapid Transit,-1,12.2.LAKE:0;1;2;3;4;5;6;7;8;9;10;11;12;13;14;15;16;17
1000574,1000029,1500107,metro,1,12.2,2,boarding_links,14.172569361829053,1,999999,2,0,5,999999,0.15,4,0,"LINESTRING (-122.401742 37.78911299999999, -122.401642 37.789213)",w_metro_only;w_bus_metro;d_metro_only;d_bus_metro,Bay Area Rapid Transit,-1,12.2.MONT:0;1;2;3;4;5;6;7;8;9;10;11;12;13;14;15;16;17
1000575,1500107,1000029,metro,1,12.2,2,boarding_links,14.172569361829053,1,999999,2,0,1,999999,0.15,4,0,"LINESTRING (-122.401742 37.78911299999999, -122.401642 37.789213)",w_metro_only;w_bus_metro;d_metro_only;d_bus_metro,Bay Area Rapid Transit,-1,12.2.MONT:0;1;2;3;4;5;6;7;8;9;10;11;12;13;14;15;16;17
1000576,1000038,1500108,metro,1,12.2,2,boarding_links,14.172906164444168,1,999999,2,0,5,999999,0.15,4,0,"LINESTRING (-122.407487 37.784544999999994, -122.407387 37.784645)",w_metro_only;w_bus_metro;d_metro_only;d_bus_metro,Bay Area Rapid Transit,-1,12.2.POWL:0;1;2;3;4;5;6;7;8;9;10;11;12;13;14;15;16;17
1000577,1500108,1000038,metro,1,12.2,2,boarding_links,14.172906164444168,1,999999,2,0,1,999999,0.15,4,0,"LINESTRING (-122.407487 37.784544999999994, -122.407387 37.784645)",w_metro_only;w_bus_metro;d_metro_only;d_bus_metro,Bay Area Rapid Transit,-1,12.2.POWL:0;1;2;3;4;5;6;7;8;9;10;11;12;13;14;15;16;17
1000578,1000041,1500109,metro,1,12.2,2,boarding_links,14.177537120666074,1,999999,2,0,5,999999,0.15,4,0,"LINESTRING (-122.160813 37.721706, -122.160713 37.721806)",w_metro_only;w_bus_metro;d_metro_only;d_bus_metro,Bay Area Rapid Transit,-1,12.2.SANL:0;1;2;3;4;5;6;7;8;9;10;11;12;13;14;15;16;17
1000579,1500109,1000041,metro,1,12.2,2,boarding_links,14.177537120666074,1,999999,2,0,1,999999,0.15,4,0,"LINESTRING (-122.160813 37.721706, -122.160713 37.721806)",w_metro_only;w_bus_metro;d_metro_only;d_bus_metro,Bay Area Rapid Transit,-1,12.2.SANL:0;1;2;3;4;5;6;7;8;9;10;11;12;13;14;15;16;17
1000580,1000049,1500110,metro,1,12.2,2,boarding_links,14.179160831374368,1,999999,2,0,5,999999,0.15,4,0,"LINESTRING (-121.92840100000001 37.699659999999994, -121.928301 37.69976)",w_metro_only;w_bus_metro;d_metro_only;d_bus_metro,Bay Area Rapid Transit,-1,12.2.WDUB:0;1;2;3;4;5;6;7;8;9;10;11;12;13;14;15;16;17
1000581,1500110,1000049,metro,1,12.2,2,boarding_links,14.179160831374368,1,999999,2,0,1,999999,0.15,4,0,"LINESTRING (-121.92840100000001 37.699659999999994, -121.928301 37.69976)",w_metro_only;w_bus_metro;d_metro_only;d_bus_metro,Bay Area Rapid Transit,-1,12.2.WDUB:0;1;2;3;4;5;6;7;8;9;10;11;12;13;14;15;16;17
1000582,1000050,1500111,metro,1,12.2,2,boarding_links,14.171410883375088,1,999999,2,0,5,999999,0.15,4,0,"LINESTRING (-122.295244 37.804823, -122.295144 37.804923)",w_metro_only;w_bus_metro;d_metro_only;d_bus_metro,Bay Area Rapid Transit,-1,12.2.WOAK:0;1;2;3;4;5;6;7;8;9;10;11;12;13;14;15;16;17
1000583,1500111,1000050,metro,1,12.2,2,boarding_links,14.171410883375088,1,999999,2,0,1,999999,0.15,4,0,"LINESTRING (-122.295244 37.804823, -122.295144 37.804923)",w_metro_only;w_bus_metro;d_metro_only;d_bus_metro,Bay Area Rapid Transit,-1,12.2.WOAK:0;1;2;3;4;5;6;7;8;9;10;11;12;13;14;15;16;17
1000584,1000013,1500112,metro,1,19.2,2,boarding_links,14.175194266042341,1,999999,2,0,1.4285714285714286,999999,0.15,4,0,"LINESTRING (-122.196798 37.753504, -122.196698 37.753604)",w_metro_only;w_bus_metro;d_metro_only;d_bus_metro,Bay Area Rapid Transit,-1,19.2.COLS:0;2
1000585,1500112,1000013,metro,1,19.2,2,boarding_links,14.175194266042341,1,999999,2,0,1,999999,0.15,4,0,"LINESTRING (-122.196798 37.753504, -122.196698 37.753604)",w_metro_only;w_bus_metro;d_metro_only;d_bus_metro,Bay Area Rapid Transit,-1,19.2.COLS:0;2
1000586,1000032,1500113,metro,1,19.2,2,boarding_links,14.178166897659418,1,999999,2,0,1.4285714285714286,999999,0.15,4,0,"LINESTRING (-122.212337 37.713156, -122.212237 37.713256)",w_metro_only;w_bus_metro;d_metro_only;d_bus_metro,Bay Area Rapid Transit,-1,19.2.OAKL:0;2
1000587,1500113,1000032,metro,1,19.2,2,boarding_links,14.178166897659418,1,999999,2,0,1,999999,0.15,4,0,"LINESTRING (-122.212337 37.713156, -122.212237 37.713256)",w_metro_only;w_bus_metro;d_metro_only;d_bus_metro,Bay Area Rapid Transit,-1,19.2.OAKL:0;2
1000588,1000001,1500114,metro,1,2.2,2,boarding_links,14.171517966800247,1,999999,2,0,10,999999,0.15,4,0,"LINESTRING (-122.27168900000001 37.803371, -122.271589 37.803471)",w_metro_only;w_bus_metro;d_metro_only;d_bus_metro,Bay Area Rapid Transit,-1,2.2.12TH:0;1;2;3;4;5;6;7;8;9;10;11;12;13;14;15;16;17;18;19;20;21;23;24;25
1000589,1500114,1000001,metro,1,2.2,2,boarding_links,14.171517966800247,1,999999,2,0,1,999999,0.15,4,0,"LINESTRING (-122.27168900000001 37.803371, -122.271589 37.803471)",w_metro_only;w_bus_metro;d_metro_only;d_bus_metro,Bay Area Rapid Transit,-1,2.2.12TH:0;1;2;3;4;5;6;7;8;9;10;11;12;13;14;15;16;17;18;19;20;21;23;24;25
1000590,1000001,1500115,metro,1,2.2,2,boarding_links,14.171517966800247,1,999999,2,0,4.285714285714286,999999,0.15,4,0,"LINESTRING (-122.27168900000001 37.803371, -122.271589 37.803471)",w_metro_only;w_bus_metro;d_metro_only;d_bus_metro,Bay Area Rapid Transit,-1,2.2.12TH:0;1;2;3;4;5;6;7;8;9;10;11;12;13;14;15;16;17;18;19;20;21;23;24;25;26;27
1000591,1500115,1000001,metro,1,2.2,2,boarding_links,14.171517966800247,1,999999,2,0,1,999999,0.15,4,0,"LINESTRING (-122.27168900000001 37.803371, -122.271589 37.803471)",w_metro_only;w_bus_metro;d_metro_only;d_bus_metro,Bay Area Rapid Transit,-1,2.2.12TH:0;1;2;3;4;5;6;7;8;9;10;11;12;13;14;15;16;17;18;19;20;21;23;24;25;26;27
1000592,1000001,1500116,metro,1,2.2,2,boarding_links,14.171517966800247,1,999999,2,0,10,999999,0.15,4,0,"LINESTRING (-122.27168900000001 37.803371, -122.271589 37.803471)",w_metro_only;w_bus_metro;d_metro_only;d_bus_metro,Bay Area Rapid Transit,-1,2.2.12TH:0;1;2;3;4;5;6;7;8;9;10;11;12;13;14;15;16;17;19;20;21;22;23
1000593,1500116,1000001,metro,1,2.2,2,boarding_links,14.171517966800247,1,999999,2,0,1,999999,0.15,4,0,"LINESTRING (-122.27168900000001 37.803371, -122.271589 37.803471)",w_metro_only;w_bus_metro;d_metro_only;d_bus_metro,Bay Area Rapid Transit,-1,2.2.12TH:0;1;2;3;4;5;6;7;8;9;10;11;12;13;14;15;16;17;19;20;21;22;23
1000594,1000002,1500117,metro,1,2.2,2,boarding_links,14.174341385964397,1,999999,2,0,10,999999,0.15,4,0,"LINESTRING (-122.419855 37.76507599999999, -122.419755 37.765176)",w_metro_only;w_bus_metro;d_metro_only;d_bus_metro,Bay Area Rapid Transit,-1,2.2.16TH:0;1;2;3;4;5;6;7;8;9;10;11;12;13;14;15;16;17;18;19;20;21;23;24;25
1000595,1500117,1000002,metro,1,2.2,2,boarding_links,14.174341385964397,1,999999,2,0,1,999999,0.15,4,0,"LINESTRING (-122.419855 37.76507599999999, -122.419755 37.765176)",w_metro_only;w_bus_metro;d_metro_only;d_bus_metro,Bay Area Rapid Transit,-1,2.2.16TH:0;1;2;3;4;5;6;7;8;9;10;11;12;13;14;15;16;17;18;19;20;21;23;24;25
1000596,1000002,1500118,metro,1,2.2,2,boarding_links,14.174341385964397,1,999999,2,0,4.285714285714286,999999,0.15,4,0,"LINESTRING (-122.419855 37.76507599999999, -122.419755 37.765176)",w_metro_only;w_bus_metro;d_metro_only;d_bus_metro,Bay Area Rapid Transit,-1,2.2.16TH:0;1;2;3;4;5;6;7;8;9;10;11;12;13;14;15;16;17;18;19;20;21;23;24;25;26;27
1000597,1500118,1000002,metro,1,2.2,2,boarding_links,14.174341385964397,1,999999,2,0,1,999999,0.15,4,0,"LINESTRING (-122.419855 37.76507599999999, -122.419755 37.765176)",w_metro_only;w_bus_metro;d_metro_only;d_bus_metro,Bay Area Rapid Transit,-1,2.2.16TH:0;1;2;3;4;5;6;7;8;9;10;11;12;13;14;15;16;17;18;19;20;21;23;24;25;26;27
1000598,1000002,1500119,metro,1,2.2,2,boarding_links,14.174341385964397,1,999999,2,0,10,999999,0.15,4,0,"LINESTRING (-122.419855 37.76507599999999, -122.419755 37.765176)",w_metro_only;w_bus_metro;d_metro_only;d_bus_metro,Bay Area Rapid Transit,-1,2.2.16TH:0;1;2;3;4;5;6;7;8;9;10;11;12;13;14;15;16;17;19;20;21;22;23
1000599,1500119,1000002,metro,1,2.2,2,boarding_links,14.174341385964397,1,999999,2,0,1,999999,0.15,4,0,"LINESTRING (-122.419855 37.76507599999999, -122.419755 37.765176)",w_metro_only;w_bus_metro;d_metro_only;d_bus_metro,Bay Area Rapid Transit,-1,2.2.16TH:0;1;2;3;4;5;6;7;8;9;10;11;12;13;14;15;16;17;19;20;21;22;23
1000600,1000003,1500120,metro,1,2.2,2,boarding_links,14.171179525510963,1,999999,2,0,10,999999,0.15,4,0,"LINESTRING (-122.268822 37.807959999999994, -122.268722 37.80806)",w_metro_only;w_bus_metro;d_metro_only;d_bus_metro,Bay Area Rapid Transit,-1,2.2.19TH:0;1;2;3;4;5;6;7;8;9;10;11;12;13;14;15;16;17;18;19;20;21;23;24;25
1000601,1500120,1000003,metro,1,2.2,2,boarding_links,14.171179525510963,1,999999,2,0,1,999999,0.15,4,0,"LINESTRING (-122.268822 37.807959999999994, -122.268722 37.80806)",w_metro_only;w_bus_metro;d_metro_only;d_bus_metro,Bay Area Rapid Transit,-1,2.2.19TH:0;1;2;3;4;5;6;7;8;9;10;11;12;13;14;15;16;17;18;19;20;21;23;24;25
1000602,1000003,1500121,metro,1,2.2,2,boarding_links,14.171179525510963,1,999999,2,0,4.285714285714286,999999,0.15,4,0,"LINESTRING (-122.268822 37.807959999999994, -122.268722 37.80806)",w_metro_only;w_bus_metro;d_metro_only;d_bus_metro,Bay Area Rapid Transit,-1,2.2.19TH:0;1;2;3;4;5;6;7;8;9;10;11;12;13;14;15;16;17;18;19;20;21;23;24;25;26;27
1000603,1500121,1000003,metro,1,2.2,2,boarding_links,14.171179525510963,1,999999,2,0,1,999999,0.15,4,0,"LINESTRING (-122.268822 37.807959999999994, -122.268722 37.80806)",w_metro_only;w_bus_metro;d_metro_only;d_bus_metro,Bay Area Rapid Transit,-1,2.2.19TH:0;1;2;3;4;5;6;7;8;9;10;11;12;13;14;15;16;17;18;19;20;21;23;24;25;26;27
1000604,1000003,1500122,metro,1,2.2,2,boarding_links,14.171179525510963,1,999999,2,0,10,999999,0.15,4,0,"LINESTRING (-122.268822 37.807959999999994, -122.268722 37.80806)",w_metro_only;w_bus_metro;d_metro_only;d_bus_metro,Bay Area Rapid Transit,-1,2.2.19TH:0;1;2;3;4;5;6;7;8;9;10;11;12;13;14;15;16;17;19;20;21;22;23
1000605,1500122,1000003,metro,1,2.2,2,boarding_links,14.171179525510963,1,999999,2,0,1,999999,0.15,4,0,"LINESTRING (-122.268822 37.807959999999994, -122.268722 37.80806)",w_metro_only;w_bus_metro;d_metro_only;d_bus_metro,Bay Area Rapid Transit,-1,2.2.19TH:0;1;2;3;4;5;6;7;8;9;10;11;12;13;14;15;16;17;19;20;21;22;23
1000606,1000004,1500123,metro,1,2.2,2,boarding_links,14.175281373962715,1,999999,2,0,10,999999,0.15,4,0,"LINESTRING (-122.41861800000001 37.752322, -122.418518 37.752422)",w_metro_only;w_bus_metro;d_metro_only;d_bus_metro,Bay Area Rapid Transit,-1,2.2.24TH:0;1;2;3;4;5;6;7;8;9;10;11;12;13;14;15;16;17;18;19;20;21;23;24;25
1000607,1500123,1000004,metro,1,2.2,2,boarding_links,14.175281373962715,1,999999,2,0,1,999999,0.15,4,0,"LINESTRING (-122.41861800000001 37.752322, -122.418518 37.752422)",w_metro_only;w_bus_metro;d_metro_only;d_bus_metro,Bay Area Rapid Transit,-1,2.2.24TH:0;1;2;3;4;5;6;7;8;9;10;11;12;13;14;15;16;17;18;19;20;21;23;24;25
1000608,1000004,1500124,metro,1,2.2,2,boarding_links,14.175281373962715,1,999999,2,0,4.285714285714286,999999,0.15,4,0,"LINESTRING (-122.41861800000001 37.752322, -122.418518 37.752422)",w_metro_only;w_bus_metro;d_metro_only;d_bus_metro,Bay Area Rapid Transit,-1,2.2.24TH:0;1;2;3;4;5;6;7;8;9;10;11;12;13;14;15;16;17;18;19;20;21;23;24;25;26;27
1000609,1500124,1000004,metro,1,2.2,2,boarding_links,14.175281373962715,1,999999,2,0,1,999999,0.15,4,0,"LINESTRING (-122.41861800000001 37.752322, -122.418518 37.752422)",w_metro_only;w_bus_metro;d_metro_only;d_bus_metro,Bay Area Rapid Transit,-1,2.2.24TH:0;1;2;3;4;5;6;7;8;9;10;11;12;13;14;15;16;17;18;19;20;21;23;24;25;26;27
1000610,1000004,1500125,metro,1,2.2,2,boarding_links,14.175281373962715,1,999999,2,0,10,999999,0.15,4,0,"LINESTRING (-122.41861800000001 37.752322, -122.418518 37.752422)",w_metro_only;w_bus_metro;d_metro_only;d_bus_metro,Bay Area Rapid Transit,-1,2.2.24TH:0;1;2;3;4;5;6;7;8;9;10;11;12;13;14;15;16;17;19;20;21;22;23
1000611,1500125,1000004,metro,1,2.2,2,boarding_links,14.175281373962715,1,999999,2,0,1,999999,0.15,4,0,"LINESTRING (-122.41861800000001 37.752322, -122.418518 37.752422)",w_metro_only;w_bus_metro;d_metro_only;d_bus_metro,Bay Area Rapid Transit,-1,2.2.24TH:0;1;2;3;4;5;6;7;8;9;10;11;12;13;14;15;16;17;19;20;21;22;23
1000612,1000005,1500126,metro,1,2.2,2,boarding_links,14.15734329776405,1,999999,2,0,4.285714285714286,999999,0.15,4,0,"LINESTRING (-121.78045300000001 37.995315, -121.780353 37.995415)",w_metro_only;w_bus_metro;d_metro_only;d_bus_metro,Bay Area Rapid Transit,-1,2.2.ANTC:0;1;2;3;4;5;6;7;8;9;10;11;12;13;14;15;16;17;18;19;20;21;23;24;25;26;27
1000613,1500126,1000005,metro,1,2.2,2,boarding_links,14.15734329776405,1,999999,2,0,1,999999,0.15,4,0,"LINESTRING (-121.78045300000001 37.995315, -121.780353 37.995415)",w_metro_only;w_bus_metro;d_metro_only;d_bus_metro,Bay Area Rapid Transit,-1,2.2.ANTC:0;1;2;3;4;5;6;7;8;9;10;11;12;13;14;15;16;17;18;19;20;21;23;24;25;26;27
1000614,1000005,1500127,metro,1,2.2,2,boarding_links,14.15734329776405,1,999999,2,0,10,999999,0.15,4,0,"LINESTRING (-121.78045300000001 37.995315, -121.780353 37.995415)",w_metro_only;w_bus_metro;d_metro_only;d_bus_metro,Bay Area Rapid Transit,-1,2.2.ANTC:0;1;2;3;4;5;6;7;8;9;10;11;12;13;14;15;16;17;19;20;21;22;23
1000615,1500127,1000005,metro,1,2.2,2,boarding_links,14.15734329776405,1,999999,2,0,1,999999,0.15,4,0,"LINESTRING (-121.78045300000001 37.995315, -121.780353 37.995415)",w_metro_only;w_bus_metro;d_metro_only;d_bus_metro,Bay Area Rapid Transit,-1,2.2.ANTC:0;1;2;3;4;5;6;7;8;9;10;11;12;13;14;15;16;17;19;20;21;22;23
1000616,1000007,1500128,metro,1,2.2,2,boarding_links,14.177540656470589,1,999999,2,0,10,999999,0.15,4,0,"LINESTRING (-122.44761 37.721658, -122.44751 37.721758)",w_metro_only;w_bus_metro;d_metro_only;d_bus_metro,Bay Area Rapid Transit,-1,2.2.BALB:0;1;2;3;4;5;6;7;8;9;10;11;12;13;14;15;16;17;18;19;20;21;23;24;25
1000617,1500128,1000007,metro,1,2.2,2,boarding_links,14.177540656470589,1,999999,2,0,1,999999,0.15,4,0,"LINESTRING (-122.44761 37.721658, -122.44751 37.721758)",w_metro_only;w_bus_metro;d_metro_only;d_bus_metro,Bay Area Rapid Transit,-1,2.2.BALB:0;1;2;3;4;5;6;7;8;9;10;11;12;13;14;15;16;17;18;19;20;21;23;24;25
1000618,1000007,1500129,metro,1,2.2,2,boarding_links,14.177540656470589,1,999999,2,0,4.285714285714286,999999,0.15,4,0,"LINESTRING (-122.44761 37.721658, -122.44751 37.721758)",w_metro_only;w_bus_metro;d_metro_only;d_bus_metro,Bay Area Rapid Transit,-1,2.2.BALB:0;1;2;3;4;5;6;7;8;9;10;11;12;13;14;15;16;17;18;19;20;21;23;24;25;26;27
1000619,1500129,1000007,metro,1,2.2,2,boarding_links,14.177540656470589,1,999999,2,0,1,999999,0.15,4,0,"LINESTRING (-122.44761 37.721658, -122.44751 37.721758)",w_metro_only;w_bus_metro;d_metro_only;d_bus_metro,Bay Area Rapid Transit,-1,2.2.BALB:0;1;2;3;4;5;6;7;8;9;10;11;12;13;14;15;16;17;18;19;20;21;23;24;25;26;27
1000620,1000007,1500130,metro,1,2.2,2,boarding_links,14.177540656470589,1,999999,2,0,10,999999,0.15,4,0,"LINESTRING (-122.44761 37.721658, -122.44751 37.721758)",w_metro_only;w_bus_metro;d_metro_only;d_bus_metro,Bay Area Rapid Transit,-1,2.2.BALB:0;1;2;3;4;5;6;7;8;9;10;11;12;13;14;15;16;17;19;20;21;22;23
1000621,1500130,1000007,metro,1,2.2,2,boarding_links,14.177540656470589,1,999999,2,0,1,999999,0.15,4,0,"LINESTRING (-122.44761 37.721658, -122.44751 37.721758)",w_metro_only;w_bus_metro;d_metro_only;d_bus_metro,Bay Area Rapid Transit,-1,2.2.BALB:0;1;2;3;4;5;6;7;8;9;10;11;12;13;14;15;16;17;19;20;21;22;23
1000622,1000011,1500131,metro,1,2.2,2,boarding_links,14.173289169793485,1,999999,2,0,10,999999,0.15,4,0,"LINESTRING (-122.413979 37.779349999999994, -122.413879 37.77945)",w_metro_only;w_bus_metro;d_metro_only;d_bus_metro,Bay Area Rapid Transit,-1,2.2.CIVC:0;1;2;3;4;5;6;7;8;9;10;11;12;13;14;15;16;17;18;19;20;21;23;24;25
1000623,1500131,1000011,metro,1,2.2,2,boarding_links,14.173289169793485,1,999999,2,0,1,999999,0.15,4,0,"LINESTRING (-122.413979 37.779349999999994, -122.413879 37.77945)",w_metro_only;w_bus_metro;d_metro_only;d_bus_metro,Bay Area Rapid Transit,-1,2.2.CIVC:0;1;2;3;4;5;6;7;8;9;10;11;12;13;14;15;16;17;18;19;20;21;23;24;25
1000624,1000011,1500132,metro,1,2.2,2,boarding_links,14.173289169793485,1,999999,2,0,4.285714285714286,999999,0.15,4,0,"LINESTRING (-122.413979 37.779349999999994, -122.413879 37.77945)",w_metro_only;w_bus_metro;d_metro_only;d_bus_metro,Bay Area Rapid Transit,-1,2.2.CIVC:0;1;2;3;4;5;6;7;8;9;10;11;12;13;14;15;16;17;18;19;20;21;23;24;25;26;27
1000625,1500132,1000011,metro,1,2.2,2,boarding_links,14.173289169793485,1,999999,2,0,1,999999,0.15,4,0,"LINESTRING (-122.413979 37.779349999999994, -122.413879 37.77945)",w_metro_only;w_bus_metro;d_metro_only;d_bus_metro,Bay Area Rapid Transit,-1,2.2.CIVC:0;1;2;3;4;5;6;7;8;9;10;11;12;13;14;15;16;17;18;19;20;21;23;24;25;26;27
1000626,1000011,1500133,metro,1,2.2,2,boarding_links,14.173289169793485,1,999999,2,0,10,999999,0.15,4,0,"LINESTRING (-122.413979 37.779349999999994, -122.413879 37.77945)",w_metro_only;w_bus_metro;d_metro_only;d_bus_metro,Bay Area Rapid Transit,-1,2.2.CIVC:0;1;2;3;4;5;6;7;8;9;10;11;12;13;14;15;16;17;19;20;21;22;23
1000627,1500133,1000011,metro,1,2.2,2,boarding_links,14.173289169793485,1,999999,2,0,1,999999,0.15,4,0,"LINESTRING (-122.413979 37.779349999999994, -122.413879 37.77945)",w_metro_only;w_bus_metro;d_metro_only;d_bus_metro,Bay Area Rapid Transit,-1,2.2.CIVC:0;1;2;3;4;5;6;7;8;9;10;11;12;13;14;15;16;17;19;20;21;22;23
1000628,1000012,1500134,metro,1,2.2,2,boarding_links,14.18027399222093,1,999999,2,0,10,999999,0.15,4,0,"LINESTRING (-122.466267 37.68454199999999, -122.466167 37.684642)",w_metro_only;w_bus_metro;d_metro_only;d_bus_metro,Bay Area Rapid Transit,-1,2.2.COLM:0;1;2;3;4;5;6;7;8;9;10;11;12;13;14;15;16;17;18;19;20;21;23;24;25
1000629,1500134,1000012,metro,1,2.2,2,boarding_links,14.18027399222093,1,999999,2,0,1,999999,0.15,4,0,"LINESTRING (-122.466267 37.68454199999999, -122.466167 37.684642)",w_metro_only;w_bus_metro;d_metro_only;d_bus_metro,Bay Area Rapid Transit,-1,2.2.COLM:0;1;2;3;4;5;6;7;8;9;10;11;12;13;14;15;16;17;18;19;20;21;23;24;25
1000630,1000012,1500135,metro,1,2.2,2,boarding_links,14.18027399222093,1,999999,2,0,4.285714285714286,999999,0.15,4,0,"LINESTRING (-122.466267 37.68454199999999, -122.466167 37.684642)",w_metro_only;w_bus_metro;d_metro_only;d_bus_metro,Bay Area Rapid Transit,-1,2.2.COLM:0;1;2;3;4;5;6;7;8;9;10;11;12;13;14;15;16;17;18;19;20;21;23;24;25;26;27
1000631,1500135,1000012,metro,1,2.2,2,boarding_links,14.18027399222093,1,999999,2,0,1,999999,0.15,4,0,"LINESTRING (-122.466267 37.68454199999999, -122.466167 37.684642)",w_metro_only;w_bus_metro;d_metro_only;d_bus_metro,Bay Area Rapid Transit,-1,2.2.COLM:0;1;2;3;4;5;6;7;8;9;10;11;12;13;14;15;16;17;18;19;20;21;23;24;25;26;27
1000632,1000014,1500136,metro,1,2.2,2,boarding_links,14.158943423188335,1,999999,2,0,10,999999,0.15,4,0,"LINESTRING (-122.02922600000001 37.973673, -122.029126 37.973773)",w_metro_only;w_bus_metro;d_metro_only;d_bus_metro,Bay Area Rapid Transit,-1,2.2.CONC:0;1;2;3;4;5;6;7;8;9;10;11;12;13;14;15;16;17;18;19;20;21;23;24;25
1000633,1500136,1000014,metro,1,2.2,2,boarding_links,14.158943423188335,1,999999,2,0,1,999999,0.15,4,0,"LINESTRING (-122.02922600000001 37.973673, -122.029126 37.973773)",w_metro_only;w_bus_metro;d_metro_only;d_bus_metro,Bay Area Rapid Transit,-1,2.2.CONC:0;1;2;3;4;5;6;7;8;9;10;11;12;13;14;15;16;17;18;19;20;21;23;24;25
1000634,1000014,1500137,metro,1,2.2,2,boarding_links,14.158943423188335,1,999999,2,0,4.285714285714286,999999,0.15,4,0,"LINESTRING (-122.02922600000001 37.973673, -122.029126 37.973773)",w_metro_only;w_bus_metro;d_metro_only;d_bus_metro,Bay Area Rapid Transit,-1,2.2.CONC:0;1;2;3;4;5;6;7;8;9;10;11;12;13;14;15;16;17;18;19;20;21;23;24;25;26;27
1000635,1500137,1000014,metro,1,2.2,2,boarding_links,14.158943423188335,1,999999,2,0,1,999999,0.15,4,0,"LINESTRING (-122.02922600000001 37.973673, -122.029126 37.973773)",w_metro_only;w_bus_metro;d_metro_only;d_bus_metro,Bay Area Rapid Transit,-1,2.2.CONC:0;1;2;3;4;5;6;7;8;9;10;11;12;13;14;15;16;17;18;19;20;21;23;24;25;26;27
1000636,1000014,1500138,metro,1,2.2,2,boarding_links,14.158943423188335,1,999999,2,0,10,999999,0.15,4,0,"LINESTRING (-122.02922600000001 37.973673, -122.029126 37.973773)",w_metro_only;w_bus_metro;d_metro_only;d_bus_metro,Bay Area Rapid Transit,-1,2.2.CONC:0;1;2;3;4;5;6;7;8;9;10;11;12;13;14;15;16;17;19;20;21;22;23
1000637,1500138,1000014,metro,1,2.2,2,boarding_links,14.158943423188335,1,999999,2,0,1,999999,0.15,4,0,"LINESTRING (-122.02922600000001 37.973673, -122.029126 37.973773)",w_metro_only;w_bus_metro;d_metro_only;d_bus_metro,Bay Area Rapid Transit,-1,2.2.CONC:0;1;2;3;4;5;6;7;8;9;10;11;12;13;14;15;16;17;19;20;21;22;23
1000638,1000015,1500139,metro,1,2.2,2,boarding_links,14.178678912330763,1,999999,2,0,10,999999,0.15,4,0,"LINESTRING (-122.469094 37.706204, -122.468994 37.706304)",w_metro_only;w_bus_metro;d_metro_only;d_bus_metro,Bay Area Rapid Transit,-1,2.2.DALY:0;1;2;3;4;5;6;7;8;9;10;11;12;13;14;15;16;17;18;19;20;21;23;24;25
1000639,1500139,1000015,metro,1,2.2,2,boarding_links,14.178678912330763,1,999999,2,0,1,999999,0.15,4,0,"LINESTRING (-122.469094 37.706204, -122.468994 37.706304)",w_metro_only;w_bus_metro;d_metro_only;d_bus_metro,Bay Area Rapid Transit,-1,2.2.DALY:0;1;2;3;4;5;6;7;8;9;10;11;12;13;14;15;16;17;18;19;20;21;23;24;25
1000640,1000015,1500140,metro,1,2.2,2,boarding_links,14.178678912330763,1,999999,2,0,4.285714285714286,999999,0.15,4,0,"LINESTRING (-122.469094 37.706204, -122.468994 37.706304)",w_metro_only;w_bus_metro;d_metro_only;d_bus_metro,Bay Area Rapid Transit,-1,2.2.DALY:0;1;2;3;4;5;6;7;8;9;10;11;12;13;14;15;16;17;18;19;20;21;23;24;25;26;27
1000641,1500140,1000015,metro,1,2.2,2,boarding_links,14.178678912330763,1,999999,2,0,1,999999,0.15,4,0,"LINESTRING (-122.469094 37.706204, -122.468994 37.706304)",w_metro_only;w_bus_metro;d_metro_only;d_bus_metro,Bay Area Rapid Transit,-1,2.2.DALY:0;1;2;3;4;5;6;7;8;9;10;11;12;13;14;15;16;17;18;19;20;21;23;24;25;26;27
1000642,1000015,1500141,metro,1,2.2,2,boarding_links,14.178678912330763,1,999999,2,0,10,999999,0.15,4,0,"LINESTRING (-122.469094 37.706204, -122.468994 37.706304)",w_metro_only;w_bus_metro;d_metro_only;d_bus_metro,Bay Area Rapid Transit,-1,2.2.DALY:0;1;2;3;4;5;6;7;8;9;10;11;12;13;14;15;16;17;19;20;21;22;23
1000643,1500141,1000015,metro,1,2.2,2,boarding_links,14.178678912330763,1,999999,2,0,1,999999,0.15,4,0,"LINESTRING (-122.469094 37.706204, -122.468994 37.706304)",w_metro_only;w_bus_metro;d_metro_only;d_bus_metro,Bay Area Rapid Transit,-1,2.2.DALY:0;1;2;3;4;5;6;7;8;9;10;11;12;13;14;15;16;17;19;20;21;22;23
1000644,1000019,1500142,metro,1,2.2,2,boarding_links,14.172305685013235,1,999999,2,0,10,999999,0.15,4,0,"LINESTRING (-122.39718 37.792688999999996, -122.39708 37.792789)",w_metro_only;w_bus_metro;d_metro_only;d_bus_metro,Bay Area Rapid Transit,-1,2.2.EMBR:0;1;2;3;4;5;6;7;8;9;10;11;12;13;14;15;16;17;18;19;20;21;23;24;25
1000645,1500142,1000019,metro,1,2.2,2,boarding_links,14.172305685013235,1,999999,2,0,1,999999,0.15,4,0,"LINESTRING (-122.39718 37.792688999999996, -122.39708 37.792789)",w_metro_only;w_bus_metro;d_metro_only;d_bus_metro,Bay Area Rapid Transit,-1,2.2.EMBR:0;1;2;3;4;5;6;7;8;9;10;11;12;13;14;15;16;17;18;19;20;21;23;24;25
1000646,1000019,1500143,metro,1,2.2,2,boarding_links,14.172305685013235,1,999999,2,0,4.285714285714286,999999,0.15,4,0,"LINESTRING (-122.39718 37.792688999999996, -122.39708 37.792789)",w_metro_only;w_bus_metro;d_metro_only;d_bus_metro,Bay Area Rapid Transit,-1,2.2.EMBR:0;1;2;3;4;5;6;7;8;9;10;11;12;13;14;15;16;17;18;19;20;21;23;24;25;26;27
1000647,1500143,1000019,metro,1,2.2,2,boarding_links,14.172305685013235,1,999999,2,0,1,999999,0.15,4,0,"LINESTRING (-122.39718 37.792688999999996, -122.39708 37.792789)",w_metro_only;w_bus_metro;d_metro_only;d_bus_metro,Bay Area Rapid Transit,-1,2.2.EMBR:0;1;2;3;4;5;6;7;8;9;10;11;12;13;14;15;16;17;18;19;20;21;23;24;25;26;27
1000648,1000019,1500144,metro,1,2.2,2,boarding_links,14.172305685013235,1,999999,2,0,10,999999,0.15,4,0,"LINESTRING (-122.39718 37.792688999999996, -122.39708 37.792789)",w_metro_only;w_bus_metro;d_metro_only;d_bus_metro,Bay Area Rapid Transit,-1,2.2.EMBR:0;1;2;3;4;5;6;7;8;9;10;11;12;13;14;15;16;17;19;20;21;22;23
1000649,1500144,1000019,metro,1,2.2,2,boarding_links,14.172305685013235,1,999999,2,0,1,999999,0.15,4,0,"LINESTRING (-122.39718 37.792688999999996, -122.39708 37.792789)",w_metro_only;w_bus_metro;d_metro_only;d_bus_metro,Bay Area Rapid Transit,-1,2.2.EMBR:0;1;2;3;4;5;6;7;8;9;10;11;12;13;14;15;16;17;19;20;21;22;23
1000650,1000022,1500145,metro,1,2.2,2,boarding_links,14.176692657066226,1,999999,2,0,10,999999,0.15,4,0,"LINESTRING (-122.433657 37.733169, -122.433557 37.733269)",w_metro_only;w_bus_metro;d_metro_only;d_bus_metro,Bay Area Rapid Transit,-1,2.2.GLEN:0;1;2;3;4;5;6;7;8;9;10;11;12;13;14;15;16;17;18;19;20;21;23;24;25
1000651,1500145,1000022,metro,1,2.2,2,boarding_links,14.176692657066226,1,999999,2,0,1,999999,0.15,4,0,"LINESTRING (-122.433657 37.733169, -122.433557 37.733269)",w_metro_only;w_bus_metro;d_metro_only;d_bus_metro,Bay Area Rapid Transit,-1,2.2.GLEN:0;1;2;3;4;5;6;7;8;9;10;11;12;13;14;15;16;17;18;19;20;21;23;24;25
1000652,1000022,1500146,metro,1,2.2,2,boarding_links,14.176692657066226,1,999999,2,0,4.285714285714286,999999,0.15,4,0,"LINESTRING (-122.433657 37.733169, -122.433557 37.733269)",w_metro_only;w_bus_metro;d_metro_only;d_bus_metro,Bay Area Rapid Transit,-1,2.2.GLEN:0;1;2;3;4;5;6;7;8;9;10;11;12;13;14;15;16;17;18;19;20;21;23;24;25;26;27
1000653,1500146,1000022,metro,1,2.2,2,boarding_links,14.176692657066226,1,999999,2,0,1,999999,0.15,4,0,"LINESTRING (-122.433657 37.733169, -122.433557 37.733269)",w_metro_only;w_bus_metro;d_metro_only;d_bus_metro,Bay Area Rapid Transit,-1,2.2.GLEN:0;1;2;3;4;5;6;7;8;9;10;11;12;13;14;15;16;17;18;19;20;21;23;24;25;26;27
1000654,1000022,1500147,metro,1,2.2,2,boarding_links,14.176692657066226,1,999999,2,0,10,999999,0.15,4,0,"LINESTRING (-122.433657 37.733169, -122.433557 37.733269)",w_metro_only;w_bus_metro;d_metro_only;d_bus_metro,Bay Area Rapid Transit,-1,2.2.GLEN:0;1;2;3;4;5;6;7;8;9;10;11;12;13;14;15;16;17;19;20;21;22;23
1000655,1500147,1000022,metro,1,2.2,2,boarding_links,14.176692657066226,1,999999,2,0,1,999999,0.15,4,0,"LINESTRING (-122.433657 37.733169, -122.433557 37.733269)",w_metro_only;w_bus_metro;d_metro_only;d_bus_metro,Bay Area Rapid Transit,-1,2.2.GLEN:0;1;2;3;4;5;6;7;8;9;10;11;12;13;14;15;16;17;19;20;21;22;23
1000656,1000024,1500148,metro,1,2.2,2,boarding_links,14.164894945959697,1,999999,2,0,10,999999,0.15,4,0,"LINESTRING (-122.124744 37.893119999999996, -122.124644 37.89322)",w_metro_only;w_bus_metro;d_metro_only;d_bus_metro,Bay Area Rapid Transit,-1,2.2.LAFY:0;1;2;3;4;5;6;7;8;9;10;11;12;13;14;15;16;17;18;19;20;21;23;24;25
1000657,1500148,1000024,metro,1,2.2,2,boarding_links,14.164894945959697,1,999999,2,0,1,999999,0.15,4,0,"LINESTRING (-122.124744 37.893119999999996, -122.124644 37.89322)",w_metro_only;w_bus_metro;d_metro_only;d_bus_metro,Bay Area Rapid Transit,-1,2.2.LAFY:0;1;2;3;4;5;6;7;8;9;10;11;12;13;14;15;16;17;18;19;20;21;23;24;25
1000658,1000024,1500149,metro,1,2.2,2,boarding_links,14.164894945959697,1,999999,2,0,4.285714285714286,999999,0.15,4,0,"LINESTRING (-122.124744 37.893119999999996, -122.124644 37.89322)",w_metro_only;w_bus_metro;d_metro_only;d_bus_metro,Bay Area Rapid Transit,-1,2.2.LAFY:0;1;2;3;4;5;6;7;8;9;10;11;12;13;14;15;16;17;18;19;20;21;23;24;25;26;27
1000659,1500149,1000024,metro,1,2.2,2,boarding_links,14.164894945959697,1,999999,2,0,1,999999,0.15,4,0,"LINESTRING (-122.124744 37.893119999999996, -122.124644 37.89322)",w_metro_only;w_bus_metro;d_metro_only;d_bus_metro,Bay Area Rapid Transit,-1,2.2.LAFY:0;1;2;3;4;5;6;7;8;9;10;11;12;13;14;15;16;17;18;19;20;21;23;24;25;26;27
1000660,1000024,1500150,metro,1,2.2,2,boarding_links,14.164894945959697,1,999999,2,0,10,999999,0.15,4,0,"LINESTRING (-122.124744 37.893119999999996, -122.124644 37.89322)",w_metro_only;w_bus_metro;d_metro_only;d_bus_metro,Bay Area Rapid Transit,-1,2.2.LAFY:0;1;2;3;4;5;6;7;8;9;10;11;12;13;14;15;16;17;19;20;21;22;23
1000661,1500150,1000024,metro,1,2.2,2,boarding_links,14.164894945959697,1,999999,2,0,1,999999,0.15,4,0,"LINESTRING (-122.124744 37.893119999999996, -122.124644 37.89322)",w_metro_only;w_bus_metro;d_metro_only;d_bus_metro,Bay Area Rapid Transit,-1,2.2.LAFY:0;1;2;3;4;5;6;7;8;9;10;11;12;13;14;15;16;17;19;20;21;22;23
1000662,1000026,1500151,metro,1,2.2,2,boarding_links,14.169648632053223,1,999999,2,0,10,999999,0.15,4,0,"LINESTRING (-122.267263 37.828714, -122.267163 37.828814)",w_metro_only;w_bus_metro;d_metro_only;d_bus_metro,Bay Area Rapid Transit,-1,2.2.MCAR:0;1;2;3;4;5;6;7;8;9;10;11;12;13;14;15;16;17;18;19;20;21;23;24;25
1000663,1500151,1000026,metro,1,2.2,2,boarding_links,14.169648632053223,1,999999,2,0,1,999999,0.15,4,0,"LINESTRING (-122.267263 37.828714, -122.267163 37.828814)",w_metro_only;w_bus_metro;d_metro_only;d_bus_metro,Bay Area Rapid Transit,-1,2.2.MCAR:0;1;2;3;4;5;6;7;8;9;10;11;12;13;14;15;16;17;18;19;20;21;23;24;25
1000664,1000026,1500152,metro,1,2.2,2,boarding_links,14.169648632053223,1,999999,2,0,4.285714285714286,999999,0.15,4,0,"LINESTRING (-122.267263 37.828714, -122.267163 37.828814)",w_metro_only;w_bus_metro;d_metro_only;d_bus_metro,Bay Area Rapid Transit,-1,2.2.MCAR:0;1;2;3;4;5;6;7;8;9;10;11;12;13;14;15;16;17;18;19;20;21;23;24;25;26;27
1000665,1500152,1000026,metro,1,2.2,2,boarding_links,14.169648632053223,1,999999,2,0,1,999999,0.15,4,0,"LINESTRING (-122.267263 37.828714, -122.267163 37.828814)",w_metro_only;w_bus_metro;d_metro_only;d_bus_metro,Bay Area Rapid Transit,-1,2.2.MCAR:0;1;2;3;4;5;6;7;8;9;10;11;12;13;14;15;16;17;18;19;20;21;23;24;25;26;27
1000666,1000026,1500153,metro,1,2.2,2,boarding_links,14.169648632053223,1,999999,2,0,10,999999,0.15,4,0,"LINESTRING (-122.267263 37.828714, -122.267163 37.828814)",w_metro_only;w_bus_metro;d_metro_only;d_bus_metro,Bay Area Rapid Transit,-1,2.2.MCAR:0;1;2;3;4;5;6;7;8;9;10;11;12;13;14;15;16;17;19;20;21;22;23
1000667,1500153,1000026,metro,1,2.2,2,boarding_links,14.169648632053223,1,999999,2,0,1,999999,0.15,4,0,"LINESTRING (-122.267263 37.828714, -122.267163 37.828814)",w_metro_only;w_bus_metro;d_metro_only;d_bus_metro,Bay Area Rapid Transit,-1,2.2.MCAR:0;1;2;3;4;5;6;7;8;9;10;11;12;13;14;15;16;17;19;20;21;22;23
1000668,1000029,1500154,metro,1,2.2,2,boarding_links,14.172569361829053,1,999999,2,0,10,999999,0.15,4,0,"LINESTRING (-122.401742 37.78911299999999, -122.401642 37.789213)",w_metro_only;w_bus_metro;d_metro_only;d_bus_metro,Bay Area Rapid Transit,-1,2.2.MONT:0;1;2;3;4;5;6;7;8;9;10;11;12;13;14;15;16;17;18;19;20;21;23;24;25
1000669,1500154,1000029,metro,1,2.2,2,boarding_links,14.172569361829053,1,999999,2,0,1,999999,0.15,4,0,"LINESTRING (-122.401742 37.78911299999999, -122.401642 37.789213)",w_metro_only;w_bus_metro;d_metro_only;d_bus_metro,Bay Area Rapid Transit,-1,2.2.MONT:0;1;2;3;4;5;6;7;8;9;10;11;12;13;14;15;16;17;18;19;20;21;23;24;25
1000670,1000029,1500155,metro,1,2.2,2,boarding_links,14.172569361829053,1,999999,2,0,4.285714285714286,999999,0.15,4,0,"LINESTRING (-122.401742 37.78911299999999, -122.401642 37.789213)",w_metro_only;w_bus_metro;d_metro_only;d_bus_metro,Bay Area Rapid Transit,-1,2.2.MONT:0;1;2;3;4;5;6;7;8;9;10;11;12;13;14;15;16;17;18;19;20;21;23;24;25;26;27
1000671,1500155,1000029,metro,1,2.2,2,boarding_links,14.172569361829053,1,999999,2,0,1,999999,0.15,4,0,"LINESTRING (-122.401742 37.78911299999999, -122.401642 37.789213)",w_metro_only;w_bus_metro;d_metro_only;d_bus_metro,Bay Area Rapid Transit,-1,2.2.MONT:0;1;2;3;4;5;6;7;8;9;10;11;12;13;14;15;16;17;18;19;20;21;23;24;25;26;27
1000672,1000029,1500156,metro,1,2.2,2,boarding_links,14.172569361829053,1,999999,2,0,10,999999,0.15,4,0,"LINESTRING (-122.401742 37.78911299999999, -122.401642 37.789213)",w_metro_only;w_bus_metro;d_metro_only;d_bus_metro,Bay Area Rapid Transit,-1,2.2.MONT:0;1;2;3;4;5;6;7;8;9;10;11;12;13;14;15;16;17;19;20;21;22;23
1000673,1500156,1000029,metro,1,2.2,2,boarding_links,14.172569361829053,1,999999,2,0,1,999999,0.15,4,0,"LINESTRING (-122.401742 37.78911299999999, -122.401642 37.789213)",w_metro_only;w_bus_metro;d_metro_only;d_bus_metro,Bay Area Rapid Transit,-1,2.2.MONT:0;1;2;3;4;5;6;7;8;9;10;11;12;13;14;15;16;17;19;20;21;22;23
1000674,1000031,1500157,metro,1,2.2,2,boarding_links,14.156752278283053,1,999999,2,0,10,999999,0.15,4,0,"LINESTRING (-122.02466100000001 38.003307, -122.024561 38.003407)",w_metro_only;w_bus_metro;d_metro_only;d_bus_metro,Bay Area Rapid Transit,-1,2.2.NCON:0;1;2;3;4;5;6;7;8;9;10;11;12;13;14;15;16;17;18;19;20;21;23;24;25
1000675,1500157,1000031,metro,1,2.2,2,boarding_links,14.156752278283053,1,999999,2,0,1,999999,0.15,4,0,"LINESTRING (-122.02466100000001 38.003307, -122.024561 38.003407)",w_metro_only;w_bus_metro;d_metro_only;d_bus_metro,Bay Area Rapid Transit,-1,2.2.NCON:0;1;2;3;4;5;6;7;8;9;10;11;12;13;14;15;16;17;18;19;20;21;23;24;25
1000676,1000031,1500158,metro,1,2.2,2,boarding_links,14.156752278283053,1,999999,2,0,4.285714285714286,999999,0.15,4,0,"LINESTRING (-122.02466100000001 38.003307, -122.024561 38.003407)",w_metro_only;w_bus_metro;d_metro_only;d_bus_metro,Bay Area Rapid Transit,-1,2.2.NCON:0;1;2;3;4;5;6;7;8;9;10;11;12;13;14;15;16;17;18;19;20;21;23;24;25;26;27
1000677,1500158,1000031,metro,1,2.2,2,boarding_links,14.156752278283053,1,999999,2,0,1,999999,0.15,4,0,"LINESTRING (-122.02466100000001 38.003307, -122.024561 38.003407)",w_metro_only;w_bus_metro;d_metro_only;d_bus_metro,Bay Area Rapid Transit,-1,2.2.NCON:0;1;2;3;4;5;6;7;8;9;10;11;12;13;14;15;16;17;18;19;20;21;23;24;25;26;27
1000678,1000031,1500159,metro,1,2.2,2,boarding_links,14.156752278283053,1,999999,2,0,10,999999,0.15,4,0,"LINESTRING (-122.02466100000001 38.003307, -122.024561 38.003407)",w_metro_only;w_bus_metro;d_metro_only;d_bus_metro,Bay Area Rapid Transit,-1,2.2.NCON:0;1;2;3;4;5;6;7;8;9;10;11;12;13;14;15;16;17;19;20;21;22;23
1000679,1500159,1000031,metro,1,2.2,2,boarding_links,14.156752278283053,1,999999,2,0,1,999999,0.15,4,0,"LINESTRING (-122.02466100000001 38.003307, -122.024561 38.003407)",w_metro_only;w_bus_metro;d_metro_only;d_bus_metro,Bay Area Rapid Transit,-1,2.2.NCON:0;1;2;3;4;5;6;7;8;9;10;11;12;13;14;15;16;17;19;20;21;22;23
1000680,1000033,1500160,metro,1,2.2,2,boarding_links,14.165981560307094,1,999999,2,0,10,999999,0.15,4,0,"LINESTRING (-122.183817 37.878403, -122.183717 37.878503)",w_metro_only;w_bus_metro;d_metro_only;d_bus_metro,Bay Area Rapid Transit,-1,2.2.ORIN:0;1;2;3;4;5;6;7;8;9;10;11;12;13;14;15;16;17;18;19;20;21;23;24;25
1000681,1500160,1000033,metro,1,2.2,2,boarding_links,14.165981560307094,1,999999,2,0,1,999999,0.15,4,0,"LINESTRING (-122.183817 37.878403, -122.183717 37.878503)",w_metro_only;w_bus_metro;d_metro_only;d_bus_metro,Bay Area Rapid Transit,-1,2.2.ORIN:0;1;2;3;4;5;6;7;8;9;10;11;12;13;14;15;16;17;18;19;20;21;23;24;25
1000682,1000033,1500161,metro,1,2.2,2,boarding_links,14.165981560307094,1,999999,2,0,4.285714285714286,999999,0.15,4,0,"LINESTRING (-122.183817 37.878403, -122.183717 37.878503)",w_metro_only;w_bus_metro;d_metro_only;d_bus_metro,Bay Area Rapid Transit,-1,2.2.ORIN:0;1;2;3;4;5;6;7;8;9;10;11;12;13;14;15;16;17;18;19;20;21;23;24;25;26;27
1000683,1500161,1000033,metro,1,2.2,2,boarding_links,14.165981560307094,1,999999,2,0,1,999999,0.15,4,0,"LINESTRING (-122.183817 37.878403, -122.183717 37.878503)",w_metro_only;w_bus_metro;d_metro_only;d_bus_metro,Bay Area Rapid Transit,-1,2.2.ORIN:0;1;2;3;4;5;6;7;8;9;10;11;12;13;14;15;16;17;18;19;20;21;23;24;25;26;27
1000684,1000033,1500162,metro,1,2.2,2,boarding_links,14.165981560307094,1,999999,2,0,10,999999,0.15,4,0,"LINESTRING (-122.183817 37.878403, -122.183717 37.878503)",w_metro_only;w_bus_metro;d_metro_only;d_bus_metro,Bay Area Rapid Transit,-1,2.2.ORIN:0;1;2;3;4;5;6;7;8;9;10;11;12;13;14;15;16;17;19;20;21;22;23
1000685,1500162,1000033,metro,1,2.2,2,boarding_links,14.165981560307094,1,999999,2,0,1,999999,0.15,4,0,"LINESTRING (-122.183817 37.878403, -122.183717 37.878503)",w_metro_only;w_bus_metro;d_metro_only;d_bus_metro,Bay Area Rapid Transit,-1,2.2.ORIN:0;1;2;3;4;5;6;7;8;9;10;11;12;13;14;15;16;17;19;20;21;22;23
1000686,1000034,1500163,metro,1,2.2,2,boarding_links,14.155756300167853,1,999999,2,0,4.285714285714286,999999,0.15,4,0,"LINESTRING (-121.889111 38.01677299999999, -121.889011 38.016873)",w_metro_only;w_bus_metro;d_metro_only;d_bus_metro,Bay Area Rapid Transit,-1,2.2.PCTR:0;1;2;3;4;5;6;7;8;9;10;11;12;13;14;15;16;17;18;19;20;21;23;24;25;26;27
1000687,1500163,1000034,metro,1,2.2,2,boarding_links,14.155756300167853,1,999999,2,0,1,999999,0.15,4,0,"LINESTRING (-121.889111 38.01677299999999, -121.889011 38.016873)",w_metro_only;w_bus_metro;d_metro_only;d_bus_metro,Bay Area Rapid Transit,-1,2.2.PCTR:0;1;2;3;4;5;6;7;8;9;10;11;12;13;14;15;16;17;18;19;20;21;23;24;25;26;27
1000688,1000034,1500164,metro,1,2.2,2,boarding_links,14.155756300167853,1,999999,2,0,10,999999,0.15,4,0,"LINESTRING (-121.889111 38.01677299999999, -121.889011 38.016873)",w_metro_only;w_bus_metro;d_metro_only;d_bus_metro,Bay Area Rapid Transit,-1,2.2.PCTR:0;1;2;3;4;5;6;7;8;9;10;11;12;13;14;15;16;17;19;20;21;22;23
1000689,1500164,1000034,metro,1,2.2,2,boarding_links,14.155756300167853,1,999999,2,0,1,999999,0.15,4,0,"LINESTRING (-121.889111 38.01677299999999, -121.889011 38.016873)",w_metro_only;w_bus_metro;d_metro_only;d_bus_metro,Bay Area Rapid Transit,-1,2.2.PCTR:0;1;2;3;4;5;6;7;8;9;10;11;12;13;14;15;16;17;19;20;21;22;23
1000690,1000035,1500165,metro,1,2.2,2,boarding_links,14.162291902592946,1,999999,2,0,10,999999,0.15,4,0,"LINESTRING (-122.056115 37.928363, -122.056015 37.928463)",w_metro_only;w_bus_metro;d_metro_only;d_bus_metro,Bay Area Rapid Transit,-1,2.2.PHIL:0;1;2;3;4;5;6;7;8;9;10;11;12;13;14;15;16;17;18;19;20;21;23;24;25
1000691,1500165,1000035,metro,1,2.2,2,boarding_links,14.162291902592946,1,999999,2,0,1,999999,0.15,4,0,"LINESTRING (-122.056115 37.928363, -122.056015 37.928463)",w_metro_only;w_bus_metro;d_metro_only;d_bus_metro,Bay Area Rapid Transit,-1,2.2.PHIL:0;1;2;3;4;5;6;7;8;9;10;11;12;13;14;15;16;17;18;19;20;21;23;24;25
1000692,1000035,1500166,metro,1,2.2,2,boarding_links,14.162291902592946,1,999999,2,0,4.285714285714286,999999,0.15,4,0,"LINESTRING (-122.056115 37.928363, -122.056015 37.928463)",w_metro_only;w_bus_metro;d_metro_only;d_bus_metro,Bay Area Rapid Transit,-1,2.2.PHIL:0;1;2;3;4;5;6;7;8;9;10;11;12;13;14;15;16;17;18;19;20;21;23;24;25;26;27
1000693,1500166,1000035,metro,1,2.2,2,boarding_links,14.162291902592946,1,999999,2,0,1,999999,0.15,4,0,"LINESTRING (-122.056115 37.928363, -122.056015 37.928463)",w_metro_only;w_bus_metro;d_metro_only;d_bus_metro,Bay Area Rapid Transit,-1,2.2.PHIL:0;1;2;3;4;5;6;7;8;9;10;11;12;13;14;15;16;17;18;19;20;21;23;24;25;26;27
1000694,1000035,1500167,metro,1,2.2,2,boarding_links,14.162291902592946,1,999999,2,0,10,999999,0.15,4,0,"LINESTRING (-122.056115 37.928363, -122.056015 37.928463)",w_metro_only;w_bus_metro;d_metro_only;d_bus_metro,Bay Area Rapid Transit,-1,2.2.PHIL:0;1;2;3;4;5;6;7;8;9;10;11;12;13;14;15;16;17;19;20;21;22;23
1000695,1500167,1000035,metro,1,2.2,2,boarding_links,14.162291902592946,1,999999,2,0,1,999999,0.15,4,0,"LINESTRING (-122.056115 37.928363, -122.056015 37.928463)",w_metro_only;w_bus_metro;d_metro_only;d_bus_metro,Bay Area Rapid Transit,-1,2.2.PHIL:0;1;2;3;4;5;6;7;8;9;10;11;12;13;14;15;16;17;19;20;21;22;23
1000696,1000036,1500168,metro,1,2.2,2,boarding_links,14.155602663586839,1,999999,2,0,10,999999,0.15,4,0,"LINESTRING (-121.944348 38.01884999999999, -121.944248 38.01895)",w_metro_only;w_bus_metro;d_metro_only;d_bus_metro,Bay Area Rapid Transit,-1,2.2.PITT:0;1;2;3;4;5;6;7;8;9;10;11;12;13;14;15;16;17;18;19;20;21;23;24;25
1000697,1500168,1000036,metro,1,2.2,2,boarding_links,14.155602663586839,1,999999,2,0,1,999999,0.15,4,0,"LINESTRING (-121.944348 38.01884999999999, -121.944248 38.01895)",w_metro_only;w_bus_metro;d_metro_only;d_bus_metro,Bay Area Rapid Transit,-1,2.2.PITT:0;1;2;3;4;5;6;7;8;9;10;11;12;13;14;15;16;17;18;19;20;21;23;24;25
1000698,1000036,1500169,metro,1,2.2,2,boarding_links,14.155602663586839,1,999999,2,0,4.285714285714286,999999,0.15,4,0,"LINESTRING (-121.944348 38.01884999999999, -121.944248 38.01895)",w_metro_only;w_bus_metro;d_metro_only;d_bus_metro,Bay Area Rapid Transit,-1,2.2.PITT:0;1;2;3;4;5;6;7;8;9;10;11;12;13;14;15;16;17;18;19;20;21;23;24;25;26;27
1000699,1500169,1000036,metro,1,2.2,2,boarding_links,14.155602663586839,1,999999,2,0,1,999999,0.15,4,0,"LINESTRING (-121.944348 38.01884999999999, -121.944248 38.01895)",w_metro_only;w_bus_metro;d_metro_only;d_bus_metro,Bay Area Rapid Transit,-1,2.2.PITT:0;1;2;3;4;5;6;7;8;9;10;11;12;13;14;15;16;17;18;19;20;21;23;24;25;26;27
1000700,1000036,1500170,metro,1,2.2,2,boarding_links,14.155602663586839,1,999999,2,0,10,999999,0.15,4,0,"LINESTRING (-121.944348 38.01884999999999, -121.944248 38.01895)",w_metro_only;w_bus_metro;d_metro_only;d_bus_metro,Bay Area Rapid Transit,-1,2.2.PITT:0;1;2;3;4;5;6;7;8;9;10;11;12;13;14;15;16;17;19;20;21;22;23
1000701,1500170,1000036,metro,1,2.2,2,boarding_links,14.155602663586839,1,999999,2,0,1,999999,0.15,4,0,"LINESTRING (-121.944348 38.01884999999999, -121.944248 38.01895)",w_metro_only;w_bus_metro;d_metro_only;d_bus_metro,Bay Area Rapid Transit,-1,2.2.PITT:0;1;2;3;4;5;6;7;8;9;10;11;12;13;14;15;16;17;19;20;21;22;23
1000702,1000038,1500171,metro,1,2.2,2,boarding_links,14.172906164444168,1,999999,2,0,10,999999,0.15,4,0,"LINESTRING (-122.407487 37.784544999999994, -122.407387 37.784645)",w_metro_only;w_bus_metro;d_metro_only;d_bus_metro,Bay Area Rapid Transit,-1,2.2.POWL:0;1;2;3;4;5;6;7;8;9;10;11;12;13;14;15;16;17;18;19;20;21;23;24;25
1000703,1500171,1000038,metro,1,2.2,2,boarding_links,14.172906164444168,1,999999,2,0,1,999999,0.15,4,0,"LINESTRING (-122.407487 37.784544999999994, -122.407387 37.784645)",w_metro_only;w_bus_metro;d_metro_only;d_bus_metro,Bay Area Rapid Transit,-1,2.2.POWL:0;1;2;3;4;5;6;7;8;9;10;11;12;13;14;15;16;17;18;19;20;21;23;24;25
1000704,1000038,1500172,metro,1,2.2,2,boarding_links,14.172906164444168,1,999999,2,0,4.285714285714286,999999,0.15,4,0,"LINESTRING (-122.407487 37.784544999999994, -122.407387 37.784645)",w_metro_only;w_bus_metro;d_metro_only;d_bus_metro,Bay Area Rapid Transit,-1,2.2.POWL:0;1;2;3;4;5;6;7;8;9;10;11;12;13;14;15;16;17;18;19;20;21;23;24;25;26;27
1000705,1500172,1000038,metro,1,2.2,2,boarding_links,14.172906164444168,1,999999,2,0,1,999999,0.15,4,0,"LINESTRING (-122.407487 37.784544999999994, -122.407387 37.784645)",w_metro_only;w_bus_metro;d_metro_only;d_bus_metro,Bay Area Rapid Transit,-1,2.2.POWL:0;1;2;3;4;5;6;7;8;9;10;11;12;13;14;15;16;17;18;19;20;21;23;24;25;26;27
1000706,1000038,1500173,metro,1,2.2,2,boarding_links,14.172906164444168,1,999999,2,0,10,999999,0.15,4,0,"LINESTRING (-122.407487 37.784544999999994, -122.407387 37.784645)",w_metro_only;w_bus_metro;d_metro_only;d_bus_metro,Bay Area Rapid Transit,-1,2.2.POWL:0;1;2;3;4;5;6;7;8;9;10;11;12;13;14;15;16;17;19;20;21;22;23
1000707,1500173,1000038,metro,1,2.2,2,boarding_links,14.172906164444168,1,999999,2,0,1,999999,0.15,4,0,"LINESTRING (-122.407487 37.784544999999994, -122.407387 37.784645)",w_metro_only;w_bus_metro;d_metro_only;d_bus_metro,Bay Area Rapid Transit,-1,2.2.POWL:0;1;2;3;4;5;6;7;8;9;10;11;12;13;14;15;16;17;19;20;21;22;23
1000708,1000040,1500174,metro,1,2.2,2,boarding_links,14.168469507052585,1,999999,2,0,10,999999,0.15,4,0,"LINESTRING (-122.251371 37.844694999999994, -122.251271 37.844795)",w_metro_only;w_bus_metro;d_metro_only;d_bus_metro,Bay Area Rapid Transit,-1,2.2.ROCK:0;1;2;3;4;5;6;7;8;9;10;11;12;13;14;15;16;17;18;19;20;21;23;24;25
1000709,1500174,1000040,metro,1,2.2,2,boarding_links,14.168469507052585,1,999999,2,0,1,999999,0.15,4,0,"LINESTRING (-122.251371 37.844694999999994, -122.251271 37.844795)",w_metro_only;w_bus_metro;d_metro_only;d_bus_metro,Bay Area Rapid Transit,-1,2.2.ROCK:0;1;2;3;4;5;6;7;8;9;10;11;12;13;14;15;16;17;18;19;20;21;23;24;25
1000710,1000040,1500175,metro,1,2.2,2,boarding_links,14.168469507052585,1,999999,2,0,4.285714285714286,999999,0.15,4,0,"LINESTRING (-122.251371 37.844694999999994, -122.251271 37.844795)",w_metro_only;w_bus_metro;d_metro_only;d_bus_metro,Bay Area Rapid Transit,-1,2.2.ROCK:0;1;2;3;4;5;6;7;8;9;10;11;12;13;14;15;16;17;18;19;20;21;23;24;25;26;27
1000711,1500175,1000040,metro,1,2.2,2,boarding_links,14.168469507052585,1,999999,2,0,1,999999,0.15,4,0,"LINESTRING (-122.251371 37.844694999999994, -122.251271 37.844795)",w_metro_only;w_bus_metro;d_metro_only;d_bus_metro,Bay Area Rapid Transit,-1,2.2.ROCK:0;1;2;3;4;5;6;7;8;9;10;11;12;13;14;15;16;17;18;19;20;21;23;24;25;26;27
1000712,1000040,1500176,metro,1,2.2,2,boarding_links,14.168469507052585,1,999999,2,0,10,999999,0.15,4,0,"LINESTRING (-122.251371 37.844694999999994, -122.251271 37.844795)",w_metro_only;w_bus_metro;d_metro_only;d_bus_metro,Bay Area Rapid Transit,-1,2.2.ROCK:0;1;2;3;4;5;6;7;8;9;10;11;12;13;14;15;16;17;19;20;21;22;23
1000713,1500176,1000040,metro,1,2.2,2,boarding_links,14.168469507052585,1,999999,2,0,1,999999,0.15,4,0,"LINESTRING (-122.251371 37.844694999999994, -122.251271 37.844795)",w_metro_only;w_bus_metro;d_metro_only;d_bus_metro,Bay Area Rapid Transit,-1,2.2.ROCK:0;1;2;3;4;5;6;7;8;9;10;11;12;13;14;15;16;17;19;20;21;22;23
1000714,1000042,1500177,metro,1,2.2,2,boarding_links,14.183727394925766,1,999999,2,0,10,999999,0.15,4,0,"LINESTRING (-122.416484 37.63762, -122.416384 37.63772)",w_metro_only;w_bus_metro;d_metro_only;d_bus_metro,Bay Area Rapid Transit,-1,2.2.SBRN:0;1;2;3;4;5;6;7;8;9;10;11;12;13;14;15;16;17;18;19;20;21;23;24;25
1000715,1500177,1000042,metro,1,2.2,2,boarding_links,14.183727394925766,1,999999,2,0,1,999999,0.15,4,0,"LINESTRING (-122.416484 37.63762, -122.416384 37.63772)",w_metro_only;w_bus_metro;d_metro_only;d_bus_metro,Bay Area Rapid Transit,-1,2.2.SBRN:0;1;2;3;4;5;6;7;8;9;10;11;12;13;14;15;16;17;18;19;20;21;23;24;25
1000716,1000042,1500178,metro,1,2.2,2,boarding_links,14.183727394925766,1,999999,2,0,4.285714285714286,999999,0.15,4,0,"LINESTRING (-122.416484 37.63762, -122.416384 37.63772)",w_metro_only;w_bus_metro;d_metro_only;d_bus_metro,Bay Area Rapid Transit,-1,2.2.SBRN:0;1;2;3;4;5;6;7;8;9;10;11;12;13;14;15;16;17;18;19;20;21;23;24;25;26;27
1000717,1500178,1000042,metro,1,2.2,2,boarding_links,14.183727394925766,1,999999,2,0,1,999999,0.15,4,0,"LINESTRING (-122.416484 37.63762, -122.416384 37.63772)",w_metro_only;w_bus_metro;d_metro_only;d_bus_metro,Bay Area Rapid Transit,-1,2.2.SBRN:0;1;2;3;4;5;6;7;8;9;10;11;12;13;14;15;16;17;18;19;20;21;23;24;25;26;27
1000718,1000043,1500179,metro,1,2.2,2,boarding_links,14.185323481924433,1,999999,2,0,10,999999,0.15,4,0,"LINESTRING (-122.39199500000001 37.615922999999995, -122.391895 37.616023)",w_metro_only;w_bus_metro;d_metro_only;d_bus_metro,Bay Area Rapid Transit,-1,2.2.SFIA:0;1;2;3;4;5;6;7;8;9;10;11;12;13;14;15;16;17;18;19;20;21;23;24;25
1000719,1500179,1000043,metro,1,2.2,2,boarding_links,14.185323481924433,1,999999,2,0,1,999999,0.15,4,0,"LINESTRING (-122.39199500000001 37.615922999999995, -122.391895 37.616023)",w_metro_only;w_bus_metro;d_metro_only;d_bus_metro,Bay Area Rapid Transit,-1,2.2.SFIA:0;1;2;3;4;5;6;7;8;9;10;11;12;13;14;15;16;17;18;19;20;21;23;24;25
1000720,1000043,1500180,metro,1,2.2,2,boarding_links,14.185323481924433,1,999999,2,0,4.285714285714286,999999,0.15,4,0,"LINESTRING (-122.39199500000001 37.615922999999995, -122.391895 37.616023)",w_metro_only;w_bus_metro;d_metro_only;d_bus_metro,Bay Area Rapid Transit,-1,2.2.SFIA:0;1;2;3;4;5;6;7;8;9;10;11;12;13;14;15;16;17;18;19;20;21;23;24;25;26;27
1000721,1500180,1000043,metro,1,2.2,2,boarding_links,14.185323481924433,1,999999,2,0,1,999999,0.15,4,0,"LINESTRING (-122.39199500000001 37.615922999999995, -122.391895 37.616023)",w_metro_only;w_bus_metro;d_metro_only;d_bus_metro,Bay Area Rapid Transit,-1,2.2.SFIA:0;1;2;3;4;5;6;7;8;9;10;11;12;13;14;15;16;17;18;19;20;21;23;24;25;26;27
1000722,1000045,1500181,metro,1,2.2,2,boarding_links,14.181761340589789,1,999999,2,0,10,999999,0.15,4,0,"LINESTRING (-122.444354 37.664336999999996, -122.444254 37.664437)",w_metro_only;w_bus_metro;d_metro_only;d_bus_metro,Bay Area Rapid Transit,-1,2.2.SSAN:0;1;2;3;4;5;6;7;8;9;10;11;12;13;14;15;16;17;18;19;20;21;23;24;25
1000723,1500181,1000045,metro,1,2.2,2,boarding_links,14.181761340589789,1,999999,2,0,1,999999,0.15,4,0,"LINESTRING (-122.444354 37.664336999999996, -122.444254 37.664437)",w_metro_only;w_bus_metro;d_metro_only;d_bus_metro,Bay Area Rapid Transit,-1,2.2.SSAN:0;1;2;3;4;5;6;7;8;9;10;11;12;13;14;15;16;17;18;19;20;21;23;24;25
1000724,1000045,1500182,metro,1,2.2,2,boarding_links,14.181761340589789,1,999999,2,0,4.285714285714286,999999,0.15,4,0,"LINESTRING (-122.444354 37.664336999999996, -122.444254 37.664437)",w_metro_only;w_bus_metro;d_metro_only;d_bus_metro,Bay Area Rapid Transit,-1,2.2.SSAN:0;1;2;3;4;5;6;7;8;9;10;11;12;13;14;15;16;17;18;19;20;21;23;24;25;26;27
1000725,1500182,1000045,metro,1,2.2,2,boarding_links,14.181761340589789,1,999999,2,0,1,999999,0.15,4,0,"LINESTRING (-122.444354 37.664336999999996, -122.444254 37.664437)",w_metro_only;w_bus_metro;d_metro_only;d_bus_metro,Bay Area Rapid Transit,-1,2.2.SSAN:0;1;2;3;4;5;6;7;8;9;10;11;12;13;14;15;16;17;18;19;20;21;23;24;25;26;27
1000726,1000048,1500183,metro,1,2.2,2,boarding_links,14.163965050323407,1,999999,2,0,10,999999,0.15,4,0,"LINESTRING (-122.067479 37.905711999999994, -122.067379 37.905812)",w_metro_only;w_bus_metro;d_metro_only;d_bus_metro,Bay Area Rapid Transit,-1,2.2.WCRK:0;1;2;3;4;5;6;7;8;9;10;11;12;13;14;15;16;17;18;19;20;21;23;24;25
1000727,1500183,1000048,metro,1,2.2,2,boarding_links,14.163965050323407,1,999999,2,0,1,999999,0.15,4,0,"LINESTRING (-122.067479 37.905711999999994, -122.067379 37.905812)",w_metro_only;w_bus_metro;d_metro_only;d_bus_metro,Bay Area Rapid Transit,-1,2.2.WCRK:0;1;2;3;4;5;6;7;8;9;10;11;12;13;14;15;16;17;18;19;20;21;23;24;25
1000728,1000048,1500184,metro,1,2.2,2,boarding_links,14.163965050323407,1,999999,2,0,4.285714285714286,999999,0.15,4,0,"LINESTRING (-122.067479 37.905711999999994, -122.067379 37.905812)",w_metro_only;w_bus_metro;d_metro_only;d_bus_metro,Bay Area Rapid Transit,-1,2.2.WCRK:0;1;2;3;4;5;6;7;8;9;10;11;12;13;14;15;16;17;18;19;20;21;23;24;25;26;27
1000729,1500184,1000048,metro,1,2.2,2,boarding_links,14.163965050323407,1,999999,2,0,1,999999,0.15,4,0,"LINESTRING (-122.067479 37.905711999999994, -122.067379 37.905812)",w_metro_only;w_bus_metro;d_metro_only;d_bus_metro,Bay Area Rapid Transit,-1,2.2.WCRK:0;1;2;3;4;5;6;7;8;9;10;11;12;13;14;15;16;17;18;19;20;21;23;24;25;26;27
1000730,1000048,1500185,metro,1,2.2,2,boarding_links,14.163965050323407,1,999999,2,0,10,999999,0.15,4,0,"LINESTRING (-122.067479 37.905711999999994, -122.067379 37.905812)",w_metro_only;w_bus_metro;d_metro_only;d_bus_metro,Bay Area Rapid Transit,-1,2.2.WCRK:0;1;2;3;4;5;6;7;8;9;10;11;12;13;14;15;16;17;19;20;21;22;23
1000731,1500185,1000048,metro,1,2.2,2,boarding_links,14.163965050323407,1,999999,2,0,1,999999,0.15,4,0,"LINESTRING (-122.067479 37.905711999999994, -122.067379 37.905812)",w_metro_only;w_bus_metro;d_metro_only;d_bus_metro,Bay Area Rapid Transit,-1,2.2.WCRK:0;1;2;3;4;5;6;7;8;9;10;11;12;13;14;15;16;17;19;20;21;22;23
1000732,1000050,1500186,metro,1,2.2,2,boarding_links,14.171410883375088,1,999999,2,0,10,999999,0.15,4,0,"LINESTRING (-122.295244 37.804823, -122.295144 37.804923)",w_metro_only;w_bus_metro;d_metro_only;d_bus_metro,Bay Area Rapid Transit,-1,2.2.WOAK:0;1;2;3;4;5;6;7;8;9;10;11;12;13;14;15;16;17;18;19;20;21;23;24;25
1000733,1500186,1000050,metro,1,2.2,2,boarding_links,14.171410883375088,1,999999,2,0,1,999999,0.15,4,0,"LINESTRING (-122.295244 37.804823, -122.295144 37.804923)",w_metro_only;w_bus_metro;d_metro_only;d_bus_metro,Bay Area Rapid Transit,-1,2.2.WOAK:0;1;2;3;4;5;6;7;8;9;10;11;12;13;14;15;16;17;18;19;20;21;23;24;25
1000734,1000050,1500187,metro,1,2.2,2,boarding_links,14.171410883375088,1,999999,2,0,4.285714285714286,999999,0.15,4,0,"LINESTRING (-122.295244 37.804823, -122.295144 37.804923)",w_metro_only;w_bus_metro;d_metro_only;d_bus_metro,Bay Area Rapid Transit,-1,2.2.WOAK:0;1;2;3;4;5;6;7;8;9;10;11;12;13;14;15;16;17;18;19;20;21;23;24;25;26;27
1000735,1500187,1000050,metro,1,2.2,2,boarding_links,14.171410883375088,1,999999,2,0,1,999999,0.15,4,0,"LINESTRING (-122.295244 37.804823, -122.295144 37.804923)",w_metro_only;w_bus_metro;d_metro_only;d_bus_metro,Bay Area Rapid Transit,-1,2.2.WOAK:0;1;2;3;4;5;6;7;8;9;10;11;12;13;14;15;16;17;18;19;20;21;23;24;25;26;27
1000736,1000050,1500188,metro,1,2.2,2,boarding_links,14.171410883375088,1,999999,2,0,10,999999,0.15,4,0,"LINESTRING (-122.295244 37.804823, -122.295144 37.804923)",w_metro_only;w_bus_metro;d_metro_only;d_bus_metro,Bay Area Rapid Transit,-1,2.2.WOAK:0;1;2;3;4;5;6;7;8;9;10;11;12;13;14;15;16;17;19;20;21;22;23
1000737,1500188,1000050,metro,1,2.2,2,boarding_links,14.171410883375088,1,999999,2,0,1,999999,0.15,4,0,"LINESTRING (-122.295244 37.804823, -122.295144 37.804923)",w_metro_only;w_bus_metro;d_metro_only;d_bus_metro,Bay Area Rapid Transit,-1,2.2.WOAK:0;1;2;3;4;5;6;7;8;9;10;11;12;13;14;15;16;17;19;20;21;22;23
1000738,1000013,1500189,metro,1,20.1,2,boarding_links,14.175194266042341,1,999999,2,0,1.5,999999,0.15,4,0,"LINESTRING (-122.196798 37.753504, -122.196698 37.753604)",w_metro_only;w_bus_metro;d_metro_only;d_bus_metro,Bay Area Rapid Transit,-1,20.1.COLS:0;2
1000739,1500189,1000013,metro,1,20.1,2,boarding_links,14.175194266042341,1,999999,2,0,1,999999,0.15,4,0,"LINESTRING (-122.196798 37.753504, -122.196698 37.753604)",w_metro_only;w_bus_metro;d_metro_only;d_bus_metro,Bay Area Rapid Transit,-1,20.1.COLS:0;2
1000740,1000032,1500190,metro,1,20.1,2,boarding_links,14.178166897659418,1,999999,2,0,1.5,999999,0.15,4,0,"LINESTRING (-122.212337 37.713156, -122.212237 37.713256)",w_metro_only;w_bus_metro;d_metro_only;d_bus_metro,Bay Area Rapid Transit,-1,20.1.OAKL:0;2
1000741,1500190,1000032,metro,1,20.1,2,boarding_links,14.178166897659418,1,999999,2,0,1,999999,0.15,4,0,"LINESTRING (-122.212337 37.713156, -122.212237 37.713256)",w_metro_only;w_bus_metro;d_metro_only;d_bus_metro,Bay Area Rapid Transit,-1,20.1.OAKL:0;2
1000742,1000001,1500191,metro,1,3.2,2,boarding_links,14.171517966800247,1,999999,2,0,10,999999,0.15,4,0,"LINESTRING (-122.27168900000001 37.803371, -122.271589 37.803471)",w_metro_only;w_bus_metro;d_metro_only;d_bus_metro,Bay Area Rapid Transit,-1,3.2.12TH:0;1;2;3;4;5;6;7;8;9;10;11;12;13;14;15
1000743,1500191,1000001,metro,1,3.2,2,boarding_links,14.171517966800247,1,999999,2,0,1,999999,0.15,4,0,"LINESTRING (-122.27168900000001 37.803371, -122.271589 37.803471)",w_metro_only;w_bus_metro;d_metro_only;d_bus_metro,Bay Area Rapid Transit,-1,3.2.12TH:0;1;2;3;4;5;6;7;8;9;10;11;12;13;14;15
1000744,1000001,1500192,metro,1,3.2,2,boarding_links,14.171517966800247,1,999999,2,0,4.285714285714286,999999,0.15,4,0,"LINESTRING (-122.27168900000001 37.803371, -122.271589 37.803471)",w_metro_only;w_bus_metro;d_metro_only;d_bus_metro,Bay Area Rapid Transit,-1,3.2.12TH:0;1;2;3;4;6;7;8;9;10;11;12;13;14;15;16;17;18;19;20;21
1000745,1500192,1000001,metro,1,3.2,2,boarding_links,14.171517966800247,1,999999,2,0,1,999999,0.15,4,0,"LINESTRING (-122.27168900000001 37.803371, -122.271589 37.803471)",w_metro_only;w_bus_metro;d_metro_only;d_bus_metro,Bay Area Rapid Transit,-1,3.2.12TH:0;1;2;3;4;6;7;8;9;10;11;12;13;14;15;16;17;18;19;20;21
1000746,1000001,1500193,metro,1,3.2,2,boarding_links,14.171517966800247,1,999999,2,0,10,999999,0.15,4,0,"LINESTRING (-122.27168900000001 37.803371, -122.271589 37.803471)",w_metro_only;w_bus_metro;d_metro_only;d_bus_metro,Bay Area Rapid Transit,-1,3.2.12TH:0;1;3;4;5;6;7;8;9;10;11;12;13;14;15;16;17;18
1000747,1500193,1000001,metro,1,3.2,2,boarding_links,14.171517966800247,1,999999,2,0,1,999999,0.15,4,0,"LINESTRING (-122.27168900000001 37.803371, -122.271589 37.803471)",w_metro_only;w_bus_metro;d_metro_only;d_bus_metro,Bay Area Rapid Transit,-1,3.2.12TH:0;1;3;4;5;6;7;8;9;10;11;12;13;14;15;16;17;18
1000748,1000003,1500194,metro,1,3.2,2,boarding_links,14.171179525510963,1,999999,2,0,10,999999,0.15,4,0,"LINESTRING (-122.268822 37.807959999999994, -122.268722 37.80806)",w_metro_only;w_bus_metro;d_metro_only;d_bus_metro,Bay Area Rapid Transit,-1,3.2.19TH:0;1;2;3;4;5;6;7;8;9;10;11;12;13;14;15
1000749,1500194,1000003,metro,1,3.2,2,boarding_links,14.171179525510963,1,999999,2,0,1,999999,0.15,4,0,"LINESTRING (-122.268822 37.807959999999994, -122.268722 37.80806)",w_metro_only;w_bus_metro;d_metro_only;d_bus_metro,Bay Area Rapid Transit,-1,3.2.19TH:0;1;2;3;4;5;6;7;8;9;10;11;12;13;14;15
1000750,1000003,1500195,metro,1,3.2,2,boarding_links,14.171179525510963,1,999999,2,0,4.285714285714286,999999,0.15,4,0,"LINESTRING (-122.268822 37.807959999999994, -122.268722 37.80806)",w_metro_only;w_bus_metro;d_metro_only;d_bus_metro,Bay Area Rapid Transit,-1,3.2.19TH:0;1;2;3;4;6;7;8;9;10;11;12;13;14;15;16;17;18;19;20;21
1000751,1500195,1000003,metro,1,3.2,2,boarding_links,14.171179525510963,1,999999,2,0,1,999999,0.15,4,0,"LINESTRING (-122.268822 37.807959999999994, -122.268722 37.80806)",w_metro_only;w_bus_metro;d_metro_only;d_bus_metro,Bay Area Rapid Transit,-1,3.2.19TH:0;1;2;3;4;6;7;8;9;10;11;12;13;14;15;16;17;18;19;20;21
1000752,1000003,1500196,metro,1,3.2,2,boarding_links,14.171179525510963,1,999999,2,0,10,999999,0.15,4,0,"LINESTRING (-122.268822 37.807959999999994, -122.268722 37.80806)",w_metro_only;w_bus_metro;d_metro_only;d_bus_metro,Bay Area Rapid Transit,-1,3.2.19TH:0;1;3;4;5;6;7;8;9;10;11;12;13;14;15;16;17;18
1000753,1500196,1000003,metro,1,3.2,2,boarding_links,14.171179525510963,1,999999,2,0,1,999999,0.15,4,0,"LINESTRING (-122.268822 37.807959999999994, -122.268722 37.80806)",w_metro_only;w_bus_metro;d_metro_only;d_bus_metro,Bay Area Rapid Transit,-1,3.2.19TH:0;1;3;4;5;6;7;8;9;10;11;12;13;14;15;16;17;18
1000754,1000006,1500197,metro,1,3.2,2,boarding_links,14.167858922577459,1,999999,2,0,10,999999,0.15,4,0,"LINESTRING (-122.26985 37.852968999999995, -122.26975 37.853069)",w_metro_only;w_bus_metro;d_metro_only;d_bus_metro,Bay Area Rapid Transit,-1,3.2.ASHB:0;1;2;3;4;5;6;7;8;9;10;11;12;13;14;15
1000755,1500197,1000006,metro,1,3.2,2,boarding_links,14.167858922577459,1,999999,2,0,1,999999,0.15,4,0,"LINESTRING (-122.26985 37.852968999999995, -122.26975 37.853069)",w_metro_only;w_bus_metro;d_metro_only;d_bus_metro,Bay Area Rapid Transit,-1,3.2.ASHB:0;1;2;3;4;5;6;7;8;9;10;11;12;13;14;15
1000756,1000006,1500198,metro,1,3.2,2,boarding_links,14.167858922577459,1,999999,2,0,4.285714285714286,999999,0.15,4,0,"LINESTRING (-122.26985 37.852968999999995, -122.26975 37.853069)",w_metro_only;w_bus_metro;d_metro_only;d_bus_metro,Bay Area Rapid Transit,-1,3.2.ASHB:0;1;2;3;4;6;7;8;9;10;11;12;13;14;15;16;17;18;19;20;21
1000757,1500198,1000006,metro,1,3.2,2,boarding_links,14.167858922577459,1,999999,2,0,1,999999,0.15,4,0,"LINESTRING (-122.26985 37.852968999999995, -122.26975 37.853069)",w_metro_only;w_bus_metro;d_metro_only;d_bus_metro,Bay Area Rapid Transit,-1,3.2.ASHB:0;1;2;3;4;6;7;8;9;10;11;12;13;14;15;16;17;18;19;20;21
1000758,1000006,1500199,metro,1,3.2,2,boarding_links,14.167858922577459,1,999999,2,0,10,999999,0.15,4,0,"LINESTRING (-122.26985 37.852968999999995, -122.26975 37.853069)",w_metro_only;w_bus_metro;d_metro_only;d_bus_metro,Bay Area Rapid Transit,-1,3.2.ASHB:0;1;3;4;5;6;7;8;9;10;11;12;13;14;15;16;17;18
1000759,1500199,1000006,metro,1,3.2,2,boarding_links,14.167858922577459,1,999999,2,0,1,999999,0.15,4,0,"LINESTRING (-122.26985 37.852968999999995, -122.26975 37.853069)",w_metro_only;w_bus_metro;d_metro_only;d_bus_metro,Bay Area Rapid Transit,-1,3.2.ASHB:0;1;3;4;5;6;7;8;9;10;11;12;13;14;15;16;17;18
1000760,1000008,1500200,metro,1,3.2,2,boarding_links,14.179368637695685,1,999999,2,0,10,999999,0.15,4,0,"LINESTRING (-122.126531 37.696838, -122.126431 37.696938)",w_metro_only;w_bus_metro;d_metro_only;d_bus_metro,Bay Area Rapid Transit,-1,3.2.BAYF:0;1;2;3;4;5;6;7;8;9;10;11;12;13;14;15
1000761,1500200,1000008,metro,1,3.2,2,boarding_links,14.179368637695685,1,999999,2,0,1,999999,0.15,4,0,"LINESTRING (-122.126531 37.696838, -122.126431 37.696938)",w_metro_only;w_bus_metro;d_metro_only;d_bus_metro,Bay Area Rapid Transit,-1,3.2.BAYF:0;1;2;3;4;5;6;7;8;9;10;11;12;13;14;15
1000762,1000008,1500201,metro,1,3.2,2,boarding_links,14.179368637695685,1,999999,2,0,4.285714285714286,999999,0.15,4,0,"LINESTRING (-122.126531 37.696838, -122.126431 37.696938)",w_metro_only;w_bus_metro;d_metro_only;d_bus_metro,Bay Area Rapid Transit,-1,3.2.BAYF:0;1;2;3;4;6;7;8;9;10;11;12;13;14;15;16;17;18;19;20;21
1000763,1500201,1000008,metro,1,3.2,2,boarding_links,14.179368637695685,1,999999,2,0,1,999999,0.15,4,0,"LINESTRING (-122.126531 37.696838, -122.126431 37.696938)",w_metro_only;w_bus_metro;d_metro_only;d_bus_metro,Bay Area Rapid Transit,-1,3.2.BAYF:0;1;2;3;4;6;7;8;9;10;11;12;13;14;15;16;17;18;19;20;21
1000764,1000008,1500202,metro,1,3.2,2,boarding_links,14.179368637695685,1,999999,2,0,10,999999,0.15,4,0,"LINESTRING (-122.126531 37.696838, -122.126431 37.696938)",w_metro_only;w_bus_metro;d_metro_only;d_bus_metro,Bay Area Rapid Transit,-1,3.2.BAYF:0;1;3;4;5;6;7;8;9;10;11;12;13;14;15;16;17;18
1000765,1500202,1000008,metro,1,3.2,2,boarding_links,14.179368637695685,1,999999,2,0,1,999999,0.15,4,0,"LINESTRING (-122.126531 37.696838, -122.126431 37.696938)",w_metro_only;w_bus_metro;d_metro_only;d_bus_metro,Bay Area Rapid Transit,-1,3.2.BAYF:0;1;3;4;5;6;7;8;9;10;11;12;13;14;15;16;17;18
1000766,1000009,1500203,metro,1,3.2,2,boarding_links,14.203496834921213,1,999999,2,0,4.285714285714286,999999,0.15,4,0,"LINESTRING (-121.874761 37.368395, -121.874661 37.368495)",w_metro_only;w_bus_metro;d_metro_only;d_bus_metro,Bay Area Rapid Transit,-1,3.2.BERY:0;1;2;3;4;6;7;8;9;10;11;12;13;14;15;16;17;18;19;20;21
1000767,1500203,1000009,metro,1,3.2,2,boarding_links,14.203496834921213,1,999999,2,0,1,999999,0.15,4,0,"LINESTRING (-121.874761 37.368395, -121.874661 37.368495)",w_metro_only;w_bus_metro;d_metro_only;d_bus_metro,Bay Area Rapid Transit,-1,3.2.BERY:0;1;2;3;4;6;7;8;9;10;11;12;13;14;15;16;17;18;19;20;21
1000768,1000013,1500204,metro,1,3.2,2,boarding_links,14.175194266042341,1,999999,2,0,10,999999,0.15,4,0,"LINESTRING (-122.196798 37.753504, -122.196698 37.753604)",w_metro_only;w_bus_metro;d_metro_only;d_bus_metro,Bay Area Rapid Transit,-1,3.2.COLS:0;1;2;3;4;5;6;7;8;9;10;11;12;13;14;15
1000769,1500204,1000013,metro,1,3.2,2,boarding_links,14.175194266042341,1,999999,2,0,1,999999,0.15,4,0,"LINESTRING (-122.196798 37.753504, -122.196698 37.753604)",w_metro_only;w_bus_metro;d_metro_only;d_bus_metro,Bay Area Rapid Transit,-1,3.2.COLS:0;1;2;3;4;5;6;7;8;9;10;11;12;13;14;15
1000770,1000013,1500205,metro,1,3.2,2,boarding_links,14.175194266042341,1,999999,2,0,4.285714285714286,999999,0.15,4,0,"LINESTRING (-122.196798 37.753504, -122.196698 37.753604)",w_metro_only;w_bus_metro;d_metro_only;d_bus_metro,Bay Area Rapid Transit,-1,3.2.COLS:0;1;2;3;4;6;7;8;9;10;11;12;13;14;15;16;17;18;19;20;21
1000771,1500205,1000013,metro,1,3.2,2,boarding_links,14.175194266042341,1,999999,2,0,1,999999,0.15,4,0,"LINESTRING (-122.196798 37.753504, -122.196698 37.753604)",w_metro_only;w_bus_metro;d_metro_only;d_bus_metro,Bay Area Rapid Transit,-1,3.2.COLS:0;1;2;3;4;6;7;8;9;10;11;12;13;14;15;16;17;18;19;20;21
1000772,1000013,1500206,metro,1,3.2,2,boarding_links,14.175194266042341,1,999999,2,0,10,999999,0.15,4,0,"LINESTRING (-122.196798 37.753504, -122.196698 37.753604)",w_metro_only;w_bus_metro;d_metro_only;d_bus_metro,Bay Area Rapid Transit,-1,3.2.COLS:0;1;3;4;5;6;7;8;9;10;11;12;13;14;15;16;17;18
1000773,1500206,1000013,metro,1,3.2,2,boarding_links,14.175194266042341,1,999999,2,0,1,999999,0.15,4,0,"LINESTRING (-122.196798 37.753504, -122.196698 37.753604)",w_metro_only;w_bus_metro;d_metro_only;d_bus_metro,Bay Area Rapid Transit,-1,3.2.COLS:0;1;3;4;5;6;7;8;9;10;11;12;13;14;15;16;17;18
1000774,1000016,1500207,metro,1,3.2,2,boarding_links,14.166600631247906,1,999999,2,0,10,999999,0.15,4,0,"LINESTRING (-122.268178 37.870017, -122.268078 37.870117)",w_metro_only;w_bus_metro;d_metro_only;d_bus_metro,Bay Area Rapid Transit,-1,3.2.DBRK:0;1;2;3;4;5;6;7;8;9;10;11;12;13;14;15
1000775,1500207,1000016,metro,1,3.2,2,boarding_links,14.166600631247906,1,999999,2,0,1,999999,0.15,4,0,"LINESTRING (-122.268178 37.870017, -122.268078 37.870117)",w_metro_only;w_bus_metro;d_metro_only;d_bus_metro,Bay Area Rapid Transit,-1,3.2.DBRK:0;1;2;3;4;5;6;7;8;9;10;11;12;13;14;15
1000776,1000016,1500208,metro,1,3.2,2,boarding_links,14.166600631247906,1,999999,2,0,4.285714285714286,999999,0.15,4,0,"LINESTRING (-122.268178 37.870017, -122.268078 37.870117)",w_metro_only;w_bus_metro;d_metro_only;d_bus_metro,Bay Area Rapid Transit,-1,3.2.DBRK:0;1;2;3;4;6;7;8;9;10;11;12;13;14;15;16;17;18;19;20;21
1000777,1500208,1000016,metro,1,3.2,2,boarding_links,14.166600631247906,1,999999,2,0,1,999999,0.15,4,0,"LINESTRING (-122.268178 37.870017, -122.268078 37.870117)",w_metro_only;w_bus_metro;d_metro_only;d_bus_metro,Bay Area Rapid Transit,-1,3.2.DBRK:0;1;2;3;4;6;7;8;9;10;11;12;13;14;15;16;17;18;19;20;21
1000778,1000016,1500209,metro,1,3.2,2,boarding_links,14.166600631247906,1,999999,2,0,10,999999,0.15,4,0,"LINESTRING (-122.268178 37.870017, -122.268078 37.870117)",w_metro_only;w_bus_metro;d_metro_only;d_bus_metro,Bay Area Rapid Transit,-1,3.2.DBRK:0;1;3;4;5;6;7;8;9;10;11;12;13;14;15;16;17;18
1000779,1500209,1000016,metro,1,3.2,2,boarding_links,14.166600631247906,1,999999,2,0,1,999999,0.15,4,0,"LINESTRING (-122.268178 37.870017, -122.268078 37.870117)",w_metro_only;w_bus_metro;d_metro_only;d_bus_metro,Bay Area Rapid Transit,-1,3.2.DBRK:0;1;3;4;5;6;7;8;9;10;11;12;13;14;15;16;17;18
1000780,1000017,1500210,metro,1,3.2,2,boarding_links,14.16253259203408,1,999999,2,0,10,999999,0.15,4,0,"LINESTRING (-122.316968 37.925104999999995, -122.316868 37.925205)",w_metro_only;w_bus_metro;d_metro_only;d_bus_metro,Bay Area Rapid Transit,-1,3.2.DELN:0;1;2;3;4;5;6;7;8;9;10;11;12;13;14;15
1000781,1500210,1000017,metro,1,3.2,2,boarding_links,14.16253259203408,1,999999,2,0,1,999999,0.15,4,0,"LINESTRING (-122.316968 37.925104999999995, -122.316868 37.925205)",w_metro_only;w_bus_metro;d_metro_only;d_bus_metro,Bay Area Rapid Transit,-1,3.2.DELN:0;1;2;3;4;5;6;7;8;9;10;11;12;13;14;15
1000782,1000017,1500211,metro,1,3.2,2,boarding_links,14.16253259203408,1,999999,2,0,4.285714285714286,999999,0.15,4,0,"LINESTRING (-122.316968 37.925104999999995, -122.316868 37.925205)",w_metro_only;w_bus_metro;d_metro_only;d_bus_metro,Bay Area Rapid Transit,-1,3.2.DELN:0;1;2;3;4;6;7;8;9;10;11;12;13;14;15;16;17;18;19;20;21
1000783,1500211,1000017,metro,1,3.2,2,boarding_links,14.16253259203408,1,999999,2,0,1,999999,0.15,4,0,"LINESTRING (-122.316968 37.925104999999995, -122.316868 37.925205)",w_metro_only;w_bus_metro;d_metro_only;d_bus_metro,Bay Area Rapid Transit,-1,3.2.DELN:0;1;2;3;4;6;7;8;9;10;11;12;13;14;15;16;17;18;19;20;21
1000784,1000017,1500212,metro,1,3.2,2,boarding_links,14.16253259203408,1,999999,2,0,10,999999,0.15,4,0,"LINESTRING (-122.316968 37.925104999999995, -122.316868 37.925205)",w_metro_only;w_bus_metro;d_metro_only;d_bus_metro,Bay Area Rapid Transit,-1,3.2.DELN:0;1;3;4;5;6;7;8;9;10;11;12;13;14;15;16;17;18
1000785,1500212,1000017,metro,1,3.2,2,boarding_links,14.16253259203408,1,999999,2,0,1,999999,0.15,4,0,"LINESTRING (-122.316968 37.925104999999995, -122.316868 37.925205)",w_metro_only;w_bus_metro;d_metro_only;d_bus_metro,Bay Area Rapid Transit,-1,3.2.DELN:0;1;3;4;5;6;7;8;9;10;11;12;13;14;15;16;17;18
1000786,1000020,1500213,metro,1,3.2,2,boarding_links,14.189625142610383,1,999999,2,0,4.285714285714286,999999,0.15,4,0,"LINESTRING (-121.97670500000001 37.557413, -121.976605 37.557513)",w_metro_only;w_bus_metro;d_metro_only;d_bus_metro,Bay Area Rapid Transit,-1,3.2.FRMT:0;1;2;3;4;6;7;8;9;10;11;12;13;14;15;16;17;18;19;20;21
1000787,1500213,1000020,metro,1,3.2,2,boarding_links,14.189625142610383,1,999999,2,0,1,999999,0.15,4,0,"LINESTRING (-121.97670500000001 37.557413, -121.976605 37.557513)",w_metro_only;w_bus_metro;d_metro_only;d_bus_metro,Bay Area Rapid Transit,-1,3.2.FRMT:0;1;2;3;4;6;7;8;9;10;11;12;13;14;15;16;17;18;19;20;21
1000788,1000020,1500214,metro,1,3.2,2,boarding_links,14.189625142610383,1,999999,2,0,10,999999,0.15,4,0,"LINESTRING (-121.97670500000001 37.557413, -121.976605 37.557513)",w_metro_only;w_bus_metro;d_metro_only;d_bus_metro,Bay Area Rapid Transit,-1,3.2.FRMT:0;1;3;4;5;6;7;8;9;10;11;12;13;14;15;16;17;18
1000789,1500214,1000020,metro,1,3.2,2,boarding_links,14.189625142610383,1,999999,2,0,1,999999,0.15,4,0,"LINESTRING (-121.97670500000001 37.557413, -121.976605 37.557513)",w_metro_only;w_bus_metro;d_metro_only;d_bus_metro,Bay Area Rapid Transit,-1,3.2.FRMT:0;1;3;4;5;6;7;8;9;10;11;12;13;14;15;16;17;18
1000790,1000021,1500215,metro,1,3.2,2,boarding_links,14.17362658922421,1,999999,2,0,10,999999,0.15,4,0,"LINESTRING (-122.22416700000001 37.774772999999996, -122.224067 37.774873)",w_metro_only;w_bus_metro;d_metro_only;d_bus_metro,Bay Area Rapid Transit,-1,3.2.FTVL:0;1;2;3;4;5;6;7;8;9;10;11;12;13;14;15
1000791,1500215,1000021,metro,1,3.2,2,boarding_links,14.17362658922421,1,999999,2,0,1,999999,0.15,4,0,"LINESTRING (-122.22416700000001 37.774772999999996, -122.224067 37.774873)",w_metro_only;w_bus_metro;d_metro_only;d_bus_metro,Bay Area Rapid Transit,-1,3.2.FTVL:0;1;2;3;4;5;6;7;8;9;10;11;12;13;14;15
1000792,1000021,1500216,metro,1,3.2,2,boarding_links,14.17362658922421,1,999999,2,0,4.285714285714286,999999,0.15,4,0,"LINESTRING (-122.22416700000001 37.774772999999996, -122.224067 37.774873)",w_metro_only;w_bus_metro;d_metro_only;d_bus_metro,Bay Area Rapid Transit,-1,3.2.FTVL:0;1;2;3;4;6;7;8;9;10;11;12;13;14;15;16;17;18;19;20;21
1000793,1500216,1000021,metro,1,3.2,2,boarding_links,14.17362658922421,1,999999,2,0,1,999999,0.15,4,0,"LINESTRING (-122.22416700000001 37.774772999999996, -122.224067 37.774873)",w_metro_only;w_bus_metro;d_metro_only;d_bus_metro,Bay Area Rapid Transit,-1,3.2.FTVL:0;1;2;3;4;6;7;8;9;10;11;12;13;14;15;16;17;18;19;20;21
1000794,1000021,1500217,metro,1,3.2,2,boarding_links,14.17362658922421,1,999999,2,0,10,999999,0.15,4,0,"LINESTRING (-122.22416700000001 37.774772999999996, -122.224067 37.774873)",w_metro_only;w_bus_metro;d_metro_only;d_bus_metro,Bay Area Rapid Transit,-1,3.2.FTVL:0;1;3;4;5;6;7;8;9;10;11;12;13;14;15;16;17;18
1000795,1500217,1000021,metro,1,3.2,2,boarding_links,14.17362658922421,1,999999,2,0,1,999999,0.15,4,0,"LINESTRING (-122.22416700000001 37.774772999999996, -122.224067 37.774873)",w_metro_only;w_bus_metro;d_metro_only;d_bus_metro,Bay Area Rapid Transit,-1,3.2.FTVL:0;1;3;4;5;6;7;8;9;10;11;12;13;14;15;16;17;18
1000796,1000023,1500218,metro,1,3.2,2,boarding_links,14.18137167557041,1,999999,2,0,10,999999,0.15,4,0,"LINESTRING (-122.087041 37.669630999999995, -122.086941 37.669731)",w_metro_only;w_bus_metro;d_metro_only;d_bus_metro,Bay Area Rapid Transit,-1,3.2.HAYW:0;1;2;3;4;5;6;7;8;9;10;11;12;13;14;15
1000797,1500218,1000023,metro,1,3.2,2,boarding_links,14.18137167557041,1,999999,2,0,1,999999,0.15,4,0,"LINESTRING (-122.087041 37.669630999999995, -122.086941 37.669731)",w_metro_only;w_bus_metro;d_metro_only;d_bus_metro,Bay Area Rapid Transit,-1,3.2.HAYW:0;1;2;3;4;5;6;7;8;9;10;11;12;13;14;15
1000798,1000023,1500219,metro,1,3.2,2,boarding_links,14.18137167557041,1,999999,2,0,4.285714285714286,999999,0.15,4,0,"LINESTRING (-122.087041 37.669630999999995, -122.086941 37.669731)",w_metro_only;w_bus_metro;d_metro_only;d_bus_metro,Bay Area Rapid Transit,-1,3.2.HAYW:0;1;2;3;4;6;7;8;9;10;11;12;13;14;15;16;17;18;19;20;21
1000799,1500219,1000023,metro,1,3.2,2,boarding_links,14.18137167557041,1,999999,2,0,1,999999,0.15,4,0,"LINESTRING (-122.087041 37.669630999999995, -122.086941 37.669731)",w_metro_only;w_bus_metro;d_metro_only;d_bus_metro,Bay Area Rapid Transit,-1,3.2.HAYW:0;1;2;3;4;6;7;8;9;10;11;12;13;14;15;16;17;18;19;20;21
1000800,1000023,1500220,metro,1,3.2,2,boarding_links,14.18137167557041,1,999999,2,0,10,999999,0.15,4,0,"LINESTRING (-122.087041 37.669630999999995, -122.086941 37.669731)",w_metro_only;w_bus_metro;d_metro_only;d_bus_metro,Bay Area Rapid Transit,-1,3.2.HAYW:0;1;3;4;5;6;7;8;9;10;11;12;13;14;15;16;17;18
1000801,1500220,1000023,metro,1,3.2,2,boarding_links,14.18137167557041,1,999999,2,0,1,999999,0.15,4,0,"LINESTRING (-122.087041 37.669630999999995, -122.086941 37.669731)",w_metro_only;w_bus_metro;d_metro_only;d_bus_metro,Bay Area Rapid Transit,-1,3.2.HAYW:0;1;3;4;5;6;7;8;9;10;11;12;13;14;15;16;17;18
1000802,1000025,1500221,metro,1,3.2,2,boarding_links,14.171968843509614,1,999999,2,0,10,999999,0.15,4,0,"LINESTRING (-122.265332 37.797256999999995, -122.265232 37.797357)",w_metro_only;w_bus_metro;d_metro_only;d_bus_metro,Bay Area Rapid Transit,-1,3.2.LAKE:0;1;2;3;4;5;6;7;8;9;10;11;12;13;14;15
1000803,1500221,1000025,metro,1,3.2,2,boarding_links,14.171968843509614,1,999999,2,0,1,999999,0.15,4,0,"LINESTRING (-122.265332 37.797256999999995, -122.265232 37.797357)",w_metro_only;w_bus_metro;d_metro_only;d_bus_metro,Bay Area Rapid Transit,-1,3.2.LAKE:0;1;2;3;4;5;6;7;8;9;10;11;12;13;14;15
1000804,1000025,1500222,metro,1,3.2,2,boarding_links,14.171968843509614,1,999999,2,0,4.285714285714286,999999,0.15,4,0,"LINESTRING (-122.265332 37.797256999999995, -122.265232 37.797357)",w_metro_only;w_bus_metro;d_metro_only;d_bus_metro,Bay Area Rapid Transit,-1,3.2.LAKE:0;1;2;3;4;6;7;8;9;10;11;12;13;14;15;16;17;18;19;20;21
1000805,1500222,1000025,metro,1,3.2,2,boarding_links,14.171968843509614,1,999999,2,0,1,999999,0.15,4,0,"LINESTRING (-122.265332 37.797256999999995, -122.265232 37.797357)",w_metro_only;w_bus_metro;d_metro_only;d_bus_metro,Bay Area Rapid Transit,-1,3.2.LAKE:0;1;2;3;4;6;7;8;9;10;11;12;13;14;15;16;17;18;19;20;21
1000806,1000025,1500223,metro,1,3.2,2,boarding_links,14.171968843509614,1,999999,2,0,10,999999,0.15,4,0,"LINESTRING (-122.265332 37.797256999999995, -122.265232 37.797357)",w_metro_only;w_bus_metro;d_metro_only;d_bus_metro,Bay Area Rapid Transit,-1,3.2.LAKE:0;1;3;4;5;6;7;8;9;10;11;12;13;14;15;16;17;18
1000807,1500223,1000025,metro,1,3.2,2,boarding_links,14.171968843509614,1,999999,2,0,1,999999,0.15,4,0,"LINESTRING (-122.265332 37.797256999999995, -122.265232 37.797357)",w_metro_only;w_bus_metro;d_metro_only;d_bus_metro,Bay Area Rapid Transit,-1,3.2.LAKE:0;1;3;4;5;6;7;8;9;10;11;12;13;14;15;16;17;18
1000808,1000026,1500224,metro,1,3.2,2,boarding_links,14.169648632053223,1,999999,2,0,10,999999,0.15,4,0,"LINESTRING (-122.267263 37.828714, -122.267163 37.828814)",w_metro_only;w_bus_metro;d_metro_only;d_bus_metro,Bay Area Rapid Transit,-1,3.2.MCAR:0;1;2;3;4;5;6;7;8;9;10;11;12;13;14;15
1000809,1500224,1000026,metro,1,3.2,2,boarding_links,14.169648632053223,1,999999,2,0,1,999999,0.15,4,0,"LINESTRING (-122.267263 37.828714, -122.267163 37.828814)",w_metro_only;w_bus_metro;d_metro_only;d_bus_metro,Bay Area Rapid Transit,-1,3.2.MCAR:0;1;2;3;4;5;6;7;8;9;10;11;12;13;14;15
1000810,1000026,1500225,metro,1,3.2,2,boarding_links,14.169648632053223,1,999999,2,0,4.285714285714286,999999,0.15,4,0,"LINESTRING (-122.267263 37.828714, -122.267163 37.828814)",w_metro_only;w_bus_metro;d_metro_only;d_bus_metro,Bay Area Rapid Transit,-1,3.2.MCAR:0;1;2;3;4;6;7;8;9;10;11;12;13;14;15;16;17;18;19;20;21
1000811,1500225,1000026,metro,1,3.2,2,boarding_links,14.169648632053223,1,999999,2,0,1,999999,0.15,4,0,"LINESTRING (-122.267263 37.828714, -122.267163 37.828814)",w_metro_only;w_bus_metro;d_metro_only;d_bus_metro,Bay Area Rapid Transit,-1,3.2.MCAR:0;1;2;3;4;6;7;8;9;10;11;12;13;14;15;16;17;18;19;20;21
1000812,1000026,1500226,metro,1,3.2,2,boarding_links,14.169648632053223,1,999999,2,0,10,999999,0.15,4,0,"LINESTRING (-122.267263 37.828714, -122.267163 37.828814)",w_metro_only;w_bus_metro;d_metro_only;d_bus_metro,Bay Area Rapid Transit,-1,3.2.MCAR:0;1;3;4;5;6;7;8;9;10;11;12;13;14;15;16;17;18
1000813,1500226,1000026,metro,1,3.2,2,boarding_links,14.169648632053223,1,999999,2,0,1,999999,0.15,4,0,"LINESTRING (-122.267263 37.828714, -122.267163 37.828814)",w_metro_only;w_bus_metro;d_metro_only;d_bus_metro,Bay Area Rapid Transit,-1,3.2.MCAR:0;1;3;4;5;6;7;8;9;10;11;12;13;14;15;16;17;18
1000814,1000028,1500227,metro,1,3.2,2,boarding_links,14.20046616117804,1,999999,2,0,4.285714285714286,999999,0.15,4,0,"LINESTRING (-121.89090300000001 37.409735999999995, -121.890803 37.409836)",w_metro_only;w_bus_metro;d_metro_only;d_bus_metro,Bay Area Rapid Transit,-1,3.2.MLPT:0;1;2;3;4;6;7;8;9;10;11;12;13;14;15;16;17;18;19;20;21
1000815,1500227,1000028,metro,1,3.2,2,boarding_links,14.20046616117804,1,999999,2,0,1,999999,0.15,4,0,"LINESTRING (-121.89090300000001 37.409735999999995, -121.890803 37.409836)",w_metro_only;w_bus_metro;d_metro_only;d_bus_metro,Bay Area Rapid Transit,-1,3.2.MLPT:0;1;2;3;4;6;7;8;9;10;11;12;13;14;15;16;17;18;19;20;21
1000816,1000030,1500228,metro,1,3.2,2,boarding_links,14.166311627377036,1,999999,2,0,10,999999,0.15,4,0,"LINESTRING (-122.283608 37.873931999999996, -122.283508 37.874032)",w_metro_only;w_bus_metro;d_metro_only;d_bus_metro,Bay Area Rapid Transit,-1,3.2.NBRK:0;1;2;3;4;5;6;7;8;9;10;11;12;13;14;15
1000817,1500228,1000030,metro,1,3.2,2,boarding_links,14.166311627377036,1,999999,2,0,1,999999,0.15,4,0,"LINESTRING (-122.283608 37.873931999999996, -122.283508 37.874032)",w_metro_only;w_bus_metro;d_metro_only;d_bus_metro,Bay Area Rapid Transit,-1,3.2.NBRK:0;1;2;3;4;5;6;7;8;9;10;11;12;13;14;15
1000818,1000030,1500229,metro,1,3.2,2,boarding_links,14.166311627377036,1,999999,2,0,4.285714285714286,999999,0.15,4,0,"LINESTRING (-122.283608 37.873931999999996, -122.283508 37.874032)",w_metro_only;w_bus_metro;d_metro_only;d_bus_metro,Bay Area Rapid Transit,-1,3.2.NBRK:0;1;2;3;4;6;7;8;9;10;11;12;13;14;15;16;17;18;19;20;21
1000819,1500229,1000030,metro,1,3.2,2,boarding_links,14.166311627377036,1,999999,2,0,1,999999,0.15,4,0,"LINESTRING (-122.283608 37.873931999999996, -122.283508 37.874032)",w_metro_only;w_bus_metro;d_metro_only;d_bus_metro,Bay Area Rapid Transit,-1,3.2.NBRK:0;1;2;3;4;6;7;8;9;10;11;12;13;14;15;16;17;18;19;20;21
1000820,1000030,1500230,metro,1,3.2,2,boarding_links,14.166311627377036,1,999999,2,0,10,999999,0.15,4,0,"LINESTRING (-122.283608 37.873931999999996, -122.283508 37.874032)",w_metro_only;w_bus_metro;d_metro_only;d_bus_metro,Bay Area Rapid Transit,-1,3.2.NBRK:0;1;3;4;5;6;7;8;9;10;11;12;13;14;15;16;17;18
1000821,1500230,1000030,metro,1,3.2,2,boarding_links,14.166311627377036,1,999999,2,0,1,999999,0.15,4,0,"LINESTRING (-122.283608 37.873931999999996, -122.283508 37.874032)",w_metro_only;w_bus_metro;d_metro_only;d_bus_metro,Bay Area Rapid Transit,-1,3.2.NBRK:0;1;3;4;5;6;7;8;9;10;11;12;13;14;15;16;17;18
1000822,1000037,1500231,metro,1,3.2,2,boarding_links,14.164199829044088,1,999999,2,0,10,999999,0.15,4,0,"LINESTRING (-122.298995 37.902533, -122.298895 37.902633)",w_metro_only;w_bus_metro;d_metro_only;d_bus_metro,Bay Area Rapid Transit,-1,3.2.PLZA:0;1;2;3;4;5;6;7;8;9;10;11;12;13;14;15
1000823,1500231,1000037,metro,1,3.2,2,boarding_links,14.164199829044088,1,999999,2,0,1,999999,0.15,4,0,"LINESTRING (-122.298995 37.902533, -122.298895 37.902633)",w_metro_only;w_bus_metro;d_metro_only;d_bus_metro,Bay Area Rapid Transit,-1,3.2.PLZA:0;1;2;3;4;5;6;7;8;9;10;11;12;13;14;15
1000824,1000037,1500232,metro,1,3.2,2,boarding_links,14.164199829044088,1,999999,2,0,4.285714285714286,999999,0.15,4,0,"LINESTRING (-122.298995 37.902533, -122.298895 37.902633)",w_metro_only;w_bus_metro;d_metro_only;d_bus_metro,Bay Area Rapid Transit,-1,3.2.PLZA:0;1;2;3;4;6;7;8;9;10;11;12;13;14;15;16;17;18;19;20;21
1000825,1500232,1000037,metro,1,3.2,2,boarding_links,14.164199829044088,1,999999,2,0,1,999999,0.15,4,0,"LINESTRING (-122.298995 37.902533, -122.298895 37.902633)",w_metro_only;w_bus_metro;d_metro_only;d_bus_metro,Bay Area Rapid Transit,-1,3.2.PLZA:0;1;2;3;4;6;7;8;9;10;11;12;13;14;15;16;17;18;19;20;21
1000826,1000037,1500233,metro,1,3.2,2,boarding_links,14.164199829044088,1,999999,2,0,10,999999,0.15,4,0,"LINESTRING (-122.298995 37.902533, -122.298895 37.902633)",w_metro_only;w_bus_metro;d_metro_only;d_bus_metro,Bay Area Rapid Transit,-1,3.2.PLZA:0;1;3;4;5;6;7;8;9;10;11;12;13;14;15;16;17;18
1000827,1500233,1000037,metro,1,3.2,2,boarding_links,14.164199829044088,1,999999,2,0,1,999999,0.15,4,0,"LINESTRING (-122.298995 37.902533, -122.298895 37.902633)",w_metro_only;w_bus_metro;d_metro_only;d_bus_metro,Bay Area Rapid Transit,-1,3.2.PLZA:0;1;3;4;5;6;7;8;9;10;11;12;13;14;15;16;17;18
1000828,1000039,1500234,metro,1,3.2,2,boarding_links,14.161676314117745,1,999999,2,0,10,999999,0.15,4,0,"LINESTRING (-122.353104 37.93669499999999, -122.353004 37.936795)",w_metro_only;w_bus_metro;d_metro_only;d_bus_metro,Bay Area Rapid Transit,-1,3.2.RICH:0;1;2;3;4;5;6;7;8;9;10;11;12;13;14;15
1000829,1500234,1000039,metro,1,3.2,2,boarding_links,14.161676314117745,1,999999,2,0,1,999999,0.15,4,0,"LINESTRING (-122.353104 37.93669499999999, -122.353004 37.936795)",w_metro_only;w_bus_metro;d_metro_only;d_bus_metro,Bay Area Rapid Transit,-1,3.2.RICH:0;1;2;3;4;5;6;7;8;9;10;11;12;13;14;15
1000830,1000039,1500235,metro,1,3.2,2,boarding_links,14.161676314117745,1,999999,2,0,4.285714285714286,999999,0.15,4,0,"LINESTRING (-122.353104 37.93669499999999, -122.353004 37.936795)",w_metro_only;w_bus_metro;d_metro_only;d_bus_metro,Bay Area Rapid Transit,-1,3.2.RICH:0;1;2;3;4;6;7;8;9;10;11;12;13;14;15;16;17;18;19;20;21
1000831,1500235,1000039,metro,1,3.2,2,boarding_links,14.161676314117745,1,999999,2,0,1,999999,0.15,4,0,"LINESTRING (-122.353104 37.93669499999999, -122.353004 37.936795)",w_metro_only;w_bus_metro;d_metro_only;d_bus_metro,Bay Area Rapid Transit,-1,3.2.RICH:0;1;2;3;4;6;7;8;9;10;11;12;13;14;15;16;17;18;19;20;21
1000832,1000039,1500236,metro,1,3.2,2,boarding_links,14.161676314117745,1,999999,2,0,10,999999,0.15,4,0,"LINESTRING (-122.353104 37.93669499999999, -122.353004 37.936795)",w_metro_only;w_bus_metro;d_metro_only;d_bus_metro,Bay Area Rapid Transit,-1,3.2.RICH:0;1;3;4;5;6;7;8;9;10;11;12;13;14;15;16;17;18
1000833,1500236,1000039,metro,1,3.2,2,boarding_links,14.161676314117745,1,999999,2,0,1,999999,0.15,4,0,"LINESTRING (-122.353104 37.93669499999999, -122.353004 37.936795)",w_metro_only;w_bus_metro;d_metro_only;d_bus_metro,Bay Area Rapid Transit,-1,3.2.RICH:0;1;3;4;5;6;7;8;9;10;11;12;13;14;15;16;17;18
1000834,1000041,1500237,metro,1,3.2,2,boarding_links,14.177537120666074,1,999999,2,0,10,999999,0.15,4,0,"LINESTRING (-122.160813 37.721706, -122.160713 37.721806)",w_metro_only;w_bus_metro;d_metro_only;d_bus_metro,Bay Area Rapid Transit,-1,3.2.SANL:0;1;2;3;4;5;6;7;8;9;10;11;12;13;14;15
1000835,1500237,1000041,metro,1,3.2,2,boarding_links,14.177537120666074,1,999999,2,0,1,999999,0.15,4,0,"LINESTRING (-122.160813 37.721706, -122.160713 37.721806)",w_metro_only;w_bus_metro;d_metro_only;d_bus_metro,Bay Area Rapid Transit,-1,3.2.SANL:0;1;2;3;4;5;6;7;8;9;10;11;12;13;14;15
1000836,1000041,1500238,metro,1,3.2,2,boarding_links,14.177537120666074,1,999999,2,0,4.285714285714286,999999,0.15,4,0,"LINESTRING (-122.160813 37.721706, -122.160713 37.721806)",w_metro_only;w_bus_metro;d_metro_only;d_bus_metro,Bay Area Rapid Transit,-1,3.2.SANL:0;1;2;3;4;6;7;8;9;10;11;12;13;14;15;16;17;18;19;20;21
1000837,1500238,1000041,metro,1,3.2,2,boarding_links,14.177537120666074,1,999999,2,0,1,999999,0.15,4,0,"LINESTRING (-122.160813 37.721706, -122.160713 37.721806)",w_metro_only;w_bus_metro;d_metro_only;d_bus_metro,Bay Area Rapid Transit,-1,3.2.SANL:0;1;2;3;4;6;7;8;9;10;11;12;13;14;15;16;17;18;19;20;21
1000838,1000041,1500239,metro,1,3.2,2,boarding_links,14.177537120666074,1,999999,2,0,10,999999,0.15,4,0,"LINESTRING (-122.160813 37.721706, -122.160713 37.721806)",w_metro_only;w_bus_metro;d_metro_only;d_bus_metro,Bay Area Rapid Transit,-1,3.2.SANL:0;1;3;4;5;6;7;8;9;10;11;12;13;14;15;16;17;18
1000839,1500239,1000041,metro,1,3.2,2,boarding_links,14.177537120666074,1,999999,2,0,1,999999,0.15,4,0,"LINESTRING (-122.160813 37.721706, -122.160713 37.721806)",w_metro_only;w_bus_metro;d_metro_only;d_bus_metro,Bay Area Rapid Transit,-1,3.2.SANL:0;1;3;4;5;6;7;8;9;10;11;12;13;14;15;16;17;18
1000840,1000044,1500240,metro,1,3.2,2,boarding_links,14.183974377004882,1,999999,2,0,10,999999,0.15,4,0,"LINESTRING (-122.057258 37.634263, -122.057158 37.634363)",w_metro_only;w_bus_metro;d_metro_only;d_bus_metro,Bay Area Rapid Transit,-1,3.2.SHAY:0;1;2;3;4;5;6;7;8;9;10;11;12;13;14;15
1000841,1500240,1000044,metro,1,3.2,2,boarding_links,14.183974377004882,1,999999,2,0,1,999999,0.15,4,0,"LINESTRING (-122.057258 37.634263, -122.057158 37.634363)",w_metro_only;w_bus_metro;d_metro_only;d_bus_metro,Bay Area Rapid Transit,-1,3.2.SHAY:0;1;2;3;4;5;6;7;8;9;10;11;12;13;14;15
1000842,1000044,1500241,metro,1,3.2,2,boarding_links,14.183974377004882,1,999999,2,0,4.285714285714286,999999,0.15,4,0,"LINESTRING (-122.057258 37.634263, -122.057158 37.634363)",w_metro_only;w_bus_metro;d_metro_only;d_bus_metro,Bay Area Rapid Transit,-1,3.2.SHAY:0;1;2;3;4;6;7;8;9;10;11;12;13;14;15;16;17;18;19;20;21
1000843,1500241,1000044,metro,1,3.2,2,boarding_links,14.183974377004882,1,999999,2,0,1,999999,0.15,4,0,"LINESTRING (-122.057258 37.634263, -122.057158 37.634363)",w_metro_only;w_bus_metro;d_metro_only;d_bus_metro,Bay Area Rapid Transit,-1,3.2.SHAY:0;1;2;3;4;6;7;8;9;10;11;12;13;14;15;16;17;18;19;20;21
1000844,1000044,1500242,metro,1,3.2,2,boarding_links,14.183974377004882,1,999999,2,0,10,999999,0.15,4,0,"LINESTRING (-122.057258 37.634263, -122.057158 37.634363)",w_metro_only;w_bus_metro;d_metro_only;d_bus_metro,Bay Area Rapid Transit,-1,3.2.SHAY:0;1;3;4;5;6;7;8;9;10;11;12;13;14;15;16;17;18
1000845,1500242,1000044,metro,1,3.2,2,boarding_links,14.183974377004882,1,999999,2,0,1,999999,0.15,4,0,"LINESTRING (-122.057258 37.634263, -122.057158 37.634363)",w_metro_only;w_bus_metro;d_metro_only;d_bus_metro,Bay Area Rapid Transit,-1,3.2.SHAY:0;1;3;4;5;6;7;8;9;10;11;12;13;14;15;16;17;18
1000846,1000046,1500243,metro,1,3.2,2,boarding_links,14.187180897678811,1,999999,2,0,4.285714285714286,999999,0.15,4,0,"LINESTRING (-122.01733 37.590664999999994, -122.01723 37.590765)",w_metro_only;w_bus_metro;d_metro_only;d_bus_metro,Bay Area Rapid Transit,-1,3.2.UCTY:0;1;2;3;4;6;7;8;9;10;11;12;13;14;15;16;17;18;19;20;21
1000847,1500243,1000046,metro,1,3.2,2,boarding_links,14.187180897678811,1,999999,2,0,1,999999,0.15,4,0,"LINESTRING (-122.01733 37.590664999999994, -122.01723 37.590765)",w_metro_only;w_bus_metro;d_metro_only;d_bus_metro,Bay Area Rapid Transit,-1,3.2.UCTY:0;1;2;3;4;6;7;8;9;10;11;12;13;14;15;16;17;18;19;20;21
1000848,1000046,1500244,metro,1,3.2,2,boarding_links,14.187180897678811,1,999999,2,0,10,999999,0.15,4,0,"LINESTRING (-122.01733 37.590664999999994, -122.01723 37.590765)",w_metro_only;w_bus_metro;d_metro_only;d_bus_metro,Bay Area Rapid Transit,-1,3.2.UCTY:0;1;3;4;5;6;7;8;9;10;11;12;13;14;15;16;17;18
1000849,1500244,1000046,metro,1,3.2,2,boarding_links,14.187180897678811,1,999999,2,0,1,999999,0.15,4,0,"LINESTRING (-122.01733 37.590664999999994, -122.01723 37.590765)",w_metro_only;w_bus_metro;d_metro_only;d_bus_metro,Bay Area Rapid Transit,-1,3.2.UCTY:0;1;3;4;5;6;7;8;9;10;11;12;13;14;15;16;17;18
1000850,1000047,1500245,metro,1,3.2,2,boarding_links,14.193680558233181,1,999999,2,0,4.285714285714286,999999,0.15,4,0,"LINESTRING (-121.939458 37.502207, -121.939358 37.502307)",w_metro_only;w_bus_metro;d_metro_only;d_bus_metro,Bay Area Rapid Transit,-1,3.2.WARM:0;1;2;3;4;6;7;8;9;10;11;12;13;14;15;16;17;18;19;20;21
1000851,1500245,1000047,metro,1,3.2,2,boarding_links,14.193680558233181,1,999999,2,0,1,999999,0.15,4,0,"LINESTRING (-121.939458 37.502207, -121.939358 37.502307)",w_metro_only;w_bus_metro;d_metro_only;d_bus_metro,Bay Area Rapid Transit,-1,3.2.WARM:0;1;2;3;4;6;7;8;9;10;11;12;13;14;15;16;17;18;19;20;21
1000852,1000001,1500246,metro,1,4.1,2,boarding_links,14.171517966800247,1,999999,2,0,4.285714285714286,999999,0.15,4,0,"LINESTRING (-122.27168900000001 37.803371, -122.271589 37.803471)",w_metro_only;w_bus_metro;d_metro_only;d_bus_metro,Bay Area Rapid Transit,-1,4.1.12TH:0;1;2;3;4;5;6;7;8;9;10;11;12;13;14;15;17;18;19;20;21
1000853,1500246,1000001,metro,1,4.1,2,boarding_links,14.171517966800247,1,999999,2,0,1,999999,0.15,4,0,"LINESTRING (-122.27168900000001 37.803371, -122.271589 37.803471)",w_metro_only;w_bus_metro;d_metro_only;d_bus_metro,Bay Area Rapid Transit,-1,4.1.12TH:0;1;2;3;4;5;6;7;8;9;10;11;12;13;14;15;17;18;19;20;21
1000854,1000003,1500247,metro,1,4.1,2,boarding_links,14.171179525510963,1,999999,2,0,4.285714285714286,999999,0.15,4,0,"LINESTRING (-122.268822 37.807959999999994, -122.268722 37.80806)",w_metro_only;w_bus_metro;d_metro_only;d_bus_metro,Bay Area Rapid Transit,-1,4.1.19TH:0;1;2;3;4;5;6;7;8;9;10;11;12;13;14;15;17;18;19;20;21
1000855,1500247,1000003,metro,1,4.1,2,boarding_links,14.171179525510963,1,999999,2,0,1,999999,0.15,4,0,"LINESTRING (-122.268822 37.807959999999994, -122.268722 37.80806)",w_metro_only;w_bus_metro;d_metro_only;d_bus_metro,Bay Area Rapid Transit,-1,4.1.19TH:0;1;2;3;4;5;6;7;8;9;10;11;12;13;14;15;17;18;19;20;21
1000856,1000006,1500248,metro,1,4.1,2,boarding_links,14.167858922577459,1,999999,2,0,4.285714285714286,999999,0.15,4,0,"LINESTRING (-122.26985 37.852968999999995, -122.26975 37.853069)",w_metro_only;w_bus_metro;d_metro_only;d_bus_metro,Bay Area Rapid Transit,-1,4.1.ASHB:0;1;2;3;4;5;6;7;8;9;10;11;12;13;14;15;17;18;19;20;21
1000857,1500248,1000006,metro,1,4.1,2,boarding_links,14.167858922577459,1,999999,2,0,1,999999,0.15,4,0,"LINESTRING (-122.26985 37.852968999999995, -122.26975 37.853069)",w_metro_only;w_bus_metro;d_metro_only;d_bus_metro,Bay Area Rapid Transit,-1,4.1.ASHB:0;1;2;3;4;5;6;7;8;9;10;11;12;13;14;15;17;18;19;20;21
1000858,1000008,1500249,metro,1,4.1,2,boarding_links,14.179368637695685,1,999999,2,0,4.285714285714286,999999,0.15,4,0,"LINESTRING (-122.126531 37.696838, -122.126431 37.696938)",w_metro_only;w_bus_metro;d_metro_only;d_bus_metro,Bay Area Rapid Transit,-1,4.1.BAYF:0;1;2;3;4;5;6;7;8;9;10;11;12;13;14;15;17;18;19;20;21
1000859,1500249,1000008,metro,1,4.1,2,boarding_links,14.179368637695685,1,999999,2,0,1,999999,0.15,4,0,"LINESTRING (-122.126531 37.696838, -122.126431 37.696938)",w_metro_only;w_bus_metro;d_metro_only;d_bus_metro,Bay Area Rapid Transit,-1,4.1.BAYF:0;1;2;3;4;5;6;7;8;9;10;11;12;13;14;15;17;18;19;20;21
1000860,1000009,1500250,metro,1,4.1,2,boarding_links,14.203496834921213,1,999999,2,0,4.285714285714286,999999,0.15,4,0,"LINESTRING (-121.874761 37.368395, -121.874661 37.368495)",w_metro_only;w_bus_metro;d_metro_only;d_bus_metro,Bay Area Rapid Transit,-1,4.1.BERY:0;1;2;3;4;5;6;7;8;9;10;11;12;13;14;15;17;18;19;20;21
1000861,1500250,1000009,metro,1,4.1,2,boarding_links,14.203496834921213,1,999999,2,0,1,999999,0.15,4,0,"LINESTRING (-121.874761 37.368395, -121.874661 37.368495)",w_metro_only;w_bus_metro;d_metro_only;d_bus_metro,Bay Area Rapid Transit,-1,4.1.BERY:0;1;2;3;4;5;6;7;8;9;10;11;12;13;14;15;17;18;19;20;21
1000862,1000013,1500251,metro,1,4.1,2,boarding_links,14.175194266042341,1,999999,2,0,4.285714285714286,999999,0.15,4,0,"LINESTRING (-122.196798 37.753504, -122.196698 37.753604)",w_metro_only;w_bus_metro;d_metro_only;d_bus_metro,Bay Area Rapid Transit,-1,4.1.COLS:0;1;2;3;4;5;6;7;8;9;10;11;12;13;14;15;17;18;19;20;21
1000863,1500251,1000013,metro,1,4.1,2,boarding_links,14.175194266042341,1,999999,2,0,1,999999,0.15,4,0,"LINESTRING (-122.196798 37.753504, -122.196698 37.753604)",w_metro_only;w_bus_metro;d_metro_only;d_bus_metro,Bay Area Rapid Transit,-1,4.1.COLS:0;1;2;3;4;5;6;7;8;9;10;11;12;13;14;15;17;18;19;20;21
1000864,1000016,1500252,metro,1,4.1,2,boarding_links,14.166600631247906,1,999999,2,0,4.285714285714286,999999,0.15,4,0,"LINESTRING (-122.268178 37.870017, -122.268078 37.870117)",w_metro_only;w_bus_metro;d_metro_only;d_bus_metro,Bay Area Rapid Transit,-1,4.1.DBRK:0;1;2;3;4;5;6;7;8;9;10;11;12;13;14;15;17;18;19;20;21
1000865,1500252,1000016,metro,1,4.1,2,boarding_links,14.166600631247906,1,999999,2,0,1,999999,0.15,4,0,"LINESTRING (-122.268178 37.870017, -122.268078 37.870117)",w_metro_only;w_bus_metro;d_metro_only;d_bus_metro,Bay Area Rapid Transit,-1,4.1.DBRK:0;1;2;3;4;5;6;7;8;9;10;11;12;13;14;15;17;18;19;20;21
1000866,1000017,1500253,metro,1,4.1,2,boarding_links,14.16253259203408,1,999999,2,0,4.285714285714286,999999,0.15,4,0,"LINESTRING (-122.316968 37.925104999999995, -122.316868 37.925205)",w_metro_only;w_bus_metro;d_metro_only;d_bus_metro,Bay Area Rapid Transit,-1,4.1.DELN:0;1;2;3;4;5;6;7;8;9;10;11;12;13;14;15;17;18;19;20;21
1000867,1500253,1000017,metro,1,4.1,2,boarding_links,14.16253259203408,1,999999,2,0,1,999999,0.15,4,0,"LINESTRING (-122.316968 37.925104999999995, -122.316868 37.925205)",w_metro_only;w_bus_metro;d_metro_only;d_bus_metro,Bay Area Rapid Transit,-1,4.1.DELN:0;1;2;3;4;5;6;7;8;9;10;11;12;13;14;15;17;18;19;20;21
1000868,1000020,1500254,metro,1,4.1,2,boarding_links,14.189625142610383,1,999999,2,0,4.285714285714286,999999,0.15,4,0,"LINESTRING (-121.97670500000001 37.557413, -121.976605 37.557513)",w_metro_only;w_bus_metro;d_metro_only;d_bus_metro,Bay Area Rapid Transit,-1,4.1.FRMT:0;1;2;3;4;5;6;7;8;9;10;11;12;13;14;15;17;18;19;20;21
1000869,1500254,1000020,metro,1,4.1,2,boarding_links,14.189625142610383,1,999999,2,0,1,999999,0.15,4,0,"LINESTRING (-121.97670500000001 37.557413, -121.976605 37.557513)",w_metro_only;w_bus_metro;d_metro_only;d_bus_metro,Bay Area Rapid Transit,-1,4.1.FRMT:0;1;2;3;4;5;6;7;8;9;10;11;12;13;14;15;17;18;19;20;21
1000870,1000021,1500255,metro,1,4.1,2,boarding_links,14.17362658922421,1,999999,2,0,4.285714285714286,999999,0.15,4,0,"LINESTRING (-122.22416700000001 37.774772999999996, -122.224067 37.774873)",w_metro_only;w_bus_metro;d_metro_only;d_bus_metro,Bay Area Rapid Transit,-1,4.1.FTVL:0;1;2;3;4;5;6;7;8;9;10;11;12;13;14;15;17;18;19;20;21
1000871,1500255,1000021,metro,1,4.1,2,boarding_links,14.17362658922421,1,999999,2,0,1,999999,0.15,4,0,"LINESTRING (-122.22416700000001 37.774772999999996, -122.224067 37.774873)",w_metro_only;w_bus_metro;d_metro_only;d_bus_metro,Bay Area Rapid Transit,-1,4.1.FTVL:0;1;2;3;4;5;6;7;8;9;10;11;12;13;14;15;17;18;19;20;21
1000872,1000023,1500256,metro,1,4.1,2,boarding_links,14.18137167557041,1,999999,2,0,4.285714285714286,999999,0.15,4,0,"LINESTRING (-122.087041 37.669630999999995, -122.086941 37.669731)",w_metro_only;w_bus_metro;d_metro_only;d_bus_metro,Bay Area Rapid Transit,-1,4.1.HAYW:0;1;2;3;4;5;6;7;8;9;10;11;12;13;14;15;17;18;19;20;21
1000873,1500256,1000023,metro,1,4.1,2,boarding_links,14.18137167557041,1,999999,2,0,1,999999,0.15,4,0,"LINESTRING (-122.087041 37.669630999999995, -122.086941 37.669731)",w_metro_only;w_bus_metro;d_metro_only;d_bus_metro,Bay Area Rapid Transit,-1,4.1.HAYW:0;1;2;3;4;5;6;7;8;9;10;11;12;13;14;15;17;18;19;20;21
1000874,1000025,1500257,metro,1,4.1,2,boarding_links,14.171968843509614,1,999999,2,0,4.285714285714286,999999,0.15,4,0,"LINESTRING (-122.265332 37.797256999999995, -122.265232 37.797357)",w_metro_only;w_bus_metro;d_metro_only;d_bus_metro,Bay Area Rapid Transit,-1,4.1.LAKE:0;1;2;3;4;5;6;7;8;9;10;11;12;13;14;15;17;18;19;20;21
1000875,1500257,1000025,metro,1,4.1,2,boarding_links,14.171968843509614,1,999999,2,0,1,999999,0.15,4,0,"LINESTRING (-122.265332 37.797256999999995, -122.265232 37.797357)",w_metro_only;w_bus_metro;d_metro_only;d_bus_metro,Bay Area Rapid Transit,-1,4.1.LAKE:0;1;2;3;4;5;6;7;8;9;10;11;12;13;14;15;17;18;19;20;21
1000876,1000026,1500258,metro,1,4.1,2,boarding_links,14.169648632053223,1,999999,2,0,4.285714285714286,999999,0.15,4,0,"LINESTRING (-122.267263 37.828714, -122.267163 37.828814)",w_metro_only;w_bus_metro;d_metro_only;d_bus_metro,Bay Area Rapid Transit,-1,4.1.MCAR:0;1;2;3;4;5;6;7;8;9;10;11;12;13;14;15;17;18;19;20;21
1000877,1500258,1000026,metro,1,4.1,2,boarding_links,14.169648632053223,1,999999,2,0,1,999999,0.15,4,0,"LINESTRING (-122.267263 37.828714, -122.267163 37.828814)",w_metro_only;w_bus_metro;d_metro_only;d_bus_metro,Bay Area Rapid Transit,-1,4.1.MCAR:0;1;2;3;4;5;6;7;8;9;10;11;12;13;14;15;17;18;19;20;21
1000878,1000028,1500259,metro,1,4.1,2,boarding_links,14.20046616117804,1,999999,2,0,4.285714285714286,999999,0.15,4,0,"LINESTRING (-121.89090300000001 37.409735999999995, -121.890803 37.409836)",w_metro_only;w_bus_metro;d_metro_only;d_bus_metro,Bay Area Rapid Transit,-1,4.1.MLPT:0;1;2;3;4;5;6;7;8;9;10;11;12;13;14;15;17;18;19;20;21
1000879,1500259,1000028,metro,1,4.1,2,boarding_links,14.20046616117804,1,999999,2,0,1,999999,0.15,4,0,"LINESTRING (-121.89090300000001 37.409735999999995, -121.890803 37.409836)",w_metro_only;w_bus_metro;d_metro_only;d_bus_metro,Bay Area Rapid Transit,-1,4.1.MLPT:0;1;2;3;4;5;6;7;8;9;10;11;12;13;14;15;17;18;19;20;21
1000880,1000030,1500260,metro,1,4.1,2,boarding_links,14.166311627377036,1,999999,2,0,4.285714285714286,999999,0.15,4,0,"LINESTRING (-122.283608 37.873931999999996, -122.283508 37.874032)",w_metro_only;w_bus_metro;d_metro_only;d_bus_metro,Bay Area Rapid Transit,-1,4.1.NBRK:0;1;2;3;4;5;6;7;8;9;10;11;12;13;14;15;17;18;19;20;21
1000881,1500260,1000030,metro,1,4.1,2,boarding_links,14.166311627377036,1,999999,2,0,1,999999,0.15,4,0,"LINESTRING (-122.283608 37.873931999999996, -122.283508 37.874032)",w_metro_only;w_bus_metro;d_metro_only;d_bus_metro,Bay Area Rapid Transit,-1,4.1.NBRK:0;1;2;3;4;5;6;7;8;9;10;11;12;13;14;15;17;18;19;20;21
1000882,1000037,1500261,metro,1,4.1,2,boarding_links,14.164199829044088,1,999999,2,0,4.285714285714286,999999,0.15,4,0,"LINESTRING (-122.298995 37.902533, -122.298895 37.902633)",w_metro_only;w_bus_metro;d_metro_only;d_bus_metro,Bay Area Rapid Transit,-1,4.1.PLZA:0;1;2;3;4;5;6;7;8;9;10;11;12;13;14;15;17;18;19;20;21
1000883,1500261,1000037,metro,1,4.1,2,boarding_links,14.164199829044088,1,999999,2,0,1,999999,0.15,4,0,"LINESTRING (-122.298995 37.902533, -122.298895 37.902633)",w_metro_only;w_bus_metro;d_metro_only;d_bus_metro,Bay Area Rapid Transit,-1,4.1.PLZA:0;1;2;3;4;5;6;7;8;9;10;11;12;13;14;15;17;18;19;20;21
1000884,1000039,1500262,metro,1,4.1,2,boarding_links,14.161676314117745,1,999999,2,0,4.285714285714286,999999,0.15,4,0,"LINESTRING (-122.353104 37.93669499999999, -122.353004 37.936795)",w_metro_only;w_bus_metro;d_metro_only;d_bus_metro,Bay Area Rapid Transit,-1,4.1.RICH:0;1;2;3;4;5;6;7;8;9;10;11;12;13;14;15;17;18;19;20;21
1000885,1500262,1000039,metro,1,4.1,2,boarding_links,14.161676314117745,1,999999,2,0,1,999999,0.15,4,0,"LINESTRING (-122.353104 37.93669499999999, -122.353004 37.936795)",w_metro_only;w_bus_metro;d_metro_only;d_bus_metro,Bay Area Rapid Transit,-1,4.1.RICH:0;1;2;3;4;5;6;7;8;9;10;11;12;13;14;15;17;18;19;20;21
1000886,1000041,1500263,metro,1,4.1,2,boarding_links,14.177537120666074,1,999999,2,0,4.285714285714286,999999,0.15,4,0,"LINESTRING (-122.160813 37.721706, -122.160713 37.721806)",w_metro_only;w_bus_metro;d_metro_only;d_bus_metro,Bay Area Rapid Transit,-1,4.1.SANL:0;1;2;3;4;5;6;7;8;9;10;11;12;13;14;15;17;18;19;20;21
1000887,1500263,1000041,metro,1,4.1,2,boarding_links,14.177537120666074,1,999999,2,0,1,999999,0.15,4,0,"LINESTRING (-122.160813 37.721706, -122.160713 37.721806)",w_metro_only;w_bus_metro;d_metro_only;d_bus_metro,Bay Area Rapid Transit,-1,4.1.SANL:0;1;2;3;4;5;6;7;8;9;10;11;12;13;14;15;17;18;19;20;21
1000888,1000044,1500264,metro,1,4.1,2,boarding_links,14.183974377004882,1,999999,2,0,4.285714285714286,999999,0.15,4,0,"LINESTRING (-122.057258 37.634263, -122.057158 37.634363)",w_metro_only;w_bus_metro;d_metro_only;d_bus_metro,Bay Area Rapid Transit,-1,4.1.SHAY:0;1;2;3;4;5;6;7;8;9;10;11;12;13;14;15;17;18;19;20;21
1000889,1500264,1000044,metro,1,4.1,2,boarding_links,14.183974377004882,1,999999,2,0,1,999999,0.15,4,0,"LINESTRING (-122.057258 37.634263, -122.057158 37.634363)",w_metro_only;w_bus_metro;d_metro_only;d_bus_metro,Bay Area Rapid Transit,-1,4.1.SHAY:0;1;2;3;4;5;6;7;8;9;10;11;12;13;14;15;17;18;19;20;21
1000890,1000046,1500265,metro,1,4.1,2,boarding_links,14.187180897678811,1,999999,2,0,4.285714285714286,999999,0.15,4,0,"LINESTRING (-122.01733 37.590664999999994, -122.01723 37.590765)",w_metro_only;w_bus_metro;d_metro_only;d_bus_metro,Bay Area Rapid Transit,-1,4.1.UCTY:0;1;2;3;4;5;6;7;8;9;10;11;12;13;14;15;17;18;19;20;21
1000891,1500265,1000046,metro,1,4.1,2,boarding_links,14.187180897678811,1,999999,2,0,1,999999,0.15,4,0,"LINESTRING (-122.01733 37.590664999999994, -122.01723 37.590765)",w_metro_only;w_bus_metro;d_metro_only;d_bus_metro,Bay Area Rapid Transit,-1,4.1.UCTY:0;1;2;3;4;5;6;7;8;9;10;11;12;13;14;15;17;18;19;20;21
1000892,1000047,1500266,metro,1,4.1,2,boarding_links,14.193680558233181,1,999999,2,0,4.285714285714286,999999,0.15,4,0,"LINESTRING (-121.939458 37.502207, -121.939358 37.502307)",w_metro_only;w_bus_metro;d_metro_only;d_bus_metro,Bay Area Rapid Transit,-1,4.1.WARM:0;1;2;3;4;5;6;7;8;9;10;11;12;13;14;15;17;18;19;20;21
1000893,1500266,1000047,metro,1,4.1,2,boarding_links,14.193680558233181,1,999999,2,0,1,999999,0.15,4,0,"LINESTRING (-121.939458 37.502207, -121.939358 37.502307)",w_metro_only;w_bus_metro;d_metro_only;d_bus_metro,Bay Area Rapid Transit,-1,4.1.WARM:0;1;2;3;4;5;6;7;8;9;10;11;12;13;14;15;17;18;19;20;21
1000894,1000002,1500267,metro,1,5.1,2,boarding_links,14.174341385964397,1,999999,2,0,10,999999,0.15,4,0,"LINESTRING (-122.419855 37.76507599999999, -122.419755 37.765176)",w_metro_only;w_bus_metro;d_metro_only;d_bus_metro,Bay Area Rapid Transit,-1,5.1.16TH:0;1;2;3;4;5;6;7;8;9;10;11;12;13;14;15;16
1000895,1500267,1000002,metro,1,5.1,2,boarding_links,14.174341385964397,1,999999,2,0,1,999999,0.15,4,0,"LINESTRING (-122.419855 37.76507599999999, -122.419755 37.765176)",w_metro_only;w_bus_metro;d_metro_only;d_bus_metro,Bay Area Rapid Transit,-1,5.1.16TH:0;1;2;3;4;5;6;7;8;9;10;11;12;13;14;15;16
1000896,1000002,1500268,metro,1,5.1,2,boarding_links,14.174341385964397,1,999999,2,0,4.285714285714286,999999,0.15,4,0,"LINESTRING (-122.419855 37.76507599999999, -122.419755 37.765176)",w_metro_only;w_bus_metro;d_metro_only;d_bus_metro,Bay Area Rapid Transit,-1,5.1.16TH:0;1;2;3;4;6;7;8;9;10;11;12;13;14;15;16;17;18;19;20;21;22
1000897,1500268,1000002,metro,1,5.1,2,boarding_links,14.174341385964397,1,999999,2,0,1,999999,0.15,4,0,"LINESTRING (-122.419855 37.76507599999999, -122.419755 37.765176)",w_metro_only;w_bus_metro;d_metro_only;d_bus_metro,Bay Area Rapid Transit,-1,5.1.16TH:0;1;2;3;4;6;7;8;9;10;11;12;13;14;15;16;17;18;19;20;21;22
1000898,1000004,1500269,metro,1,5.1,2,boarding_links,14.175281373962715,1,999999,2,0,10,999999,0.15,4,0,"LINESTRING (-122.41861800000001 37.752322, -122.418518 37.752422)",w_metro_only;w_bus_metro;d_metro_only;d_bus_metro,Bay Area Rapid Transit,-1,5.1.24TH:0;1;2;3;4;5;6;7;8;9;10;11;12;13;14;15;16
1000899,1500269,1000004,metro,1,5.1,2,boarding_links,14.175281373962715,1,999999,2,0,1,999999,0.15,4,0,"LINESTRING (-122.41861800000001 37.752322, -122.418518 37.752422)",w_metro_only;w_bus_metro;d_metro_only;d_bus_metro,Bay Area Rapid Transit,-1,5.1.24TH:0;1;2;3;4;5;6;7;8;9;10;11;12;13;14;15;16
1000900,1000004,1500270,metro,1,5.1,2,boarding_links,14.175281373962715,1,999999,2,0,4.285714285714286,999999,0.15,4,0,"LINESTRING (-122.41861800000001 37.752322, -122.418518 37.752422)",w_metro_only;w_bus_metro;d_metro_only;d_bus_metro,Bay Area Rapid Transit,-1,5.1.24TH:0;1;2;3;4;6;7;8;9;10;11;12;13;14;15;16;17;18;19;20;21;22
1000901,1500270,1000004,metro,1,5.1,2,boarding_links,14.175281373962715,1,999999,2,0,1,999999,0.15,4,0,"LINESTRING (-122.41861800000001 37.752322, -122.418518 37.752422)",w_metro_only;w_bus_metro;d_metro_only;d_bus_metro,Bay Area Rapid Transit,-1,5.1.24TH:0;1;2;3;4;6;7;8;9;10;11;12;13;14;15;16;17;18;19;20;21;22
1000902,1000007,1500271,metro,1,5.1,2,boarding_links,14.177540656470589,1,999999,2,0,10,999999,0.15,4,0,"LINESTRING (-122.44761 37.721658, -122.44751 37.721758)",w_metro_only;w_bus_metro;d_metro_only;d_bus_metro,Bay Area Rapid Transit,-1,5.1.BALB:0;1;2;3;4;5;6;7;8;9;10;11;12;13;14;15;16
1000903,1500271,1000007,metro,1,5.1,2,boarding_links,14.177540656470589,1,999999,2,0,1,999999,0.15,4,0,"LINESTRING (-122.44761 37.721658, -122.44751 37.721758)",w_metro_only;w_bus_metro;d_metro_only;d_bus_metro,Bay Area Rapid Transit,-1,5.1.BALB:0;1;2;3;4;5;6;7;8;9;10;11;12;13;14;15;16
1000904,1000007,1500272,metro,1,5.1,2,boarding_links,14.177540656470589,1,999999,2,0,4.285714285714286,999999,0.15,4,0,"LINESTRING (-122.44761 37.721658, -122.44751 37.721758)",w_metro_only;w_bus_metro;d_metro_only;d_bus_metro,Bay Area Rapid Transit,-1,5.1.BALB:0;1;2;3;4;6;7;8;9;10;11;12;13;14;15;16;17;18;19;20;21;22
1000905,1500272,1000007,metro,1,5.1,2,boarding_links,14.177540656470589,1,999999,2,0,1,999999,0.15,4,0,"LINESTRING (-122.44761 37.721658, -122.44751 37.721758)",w_metro_only;w_bus_metro;d_metro_only;d_bus_metro,Bay Area Rapid Transit,-1,5.1.BALB:0;1;2;3;4;6;7;8;9;10;11;12;13;14;15;16;17;18;19;20;21;22
1000906,1000008,1500273,metro,1,5.1,2,boarding_links,14.179368637695685,1,999999,2,0,10,999999,0.15,4,0,"LINESTRING (-122.126531 37.696838, -122.126431 37.696938)",w_metro_only;w_bus_metro;d_metro_only;d_bus_metro,Bay Area Rapid Transit,-1,5.1.BAYF:0;1;2;3;4;5;6;7;8;9;10;11;12;13;14;15;16
1000907,1500273,1000008,metro,1,5.1,2,boarding_links,14.179368637695685,1,999999,2,0,1,999999,0.15,4,0,"LINESTRING (-122.126531 37.696838, -122.126431 37.696938)",w_metro_only;w_bus_metro;d_metro_only;d_bus_metro,Bay Area Rapid Transit,-1,5.1.BAYF:0;1;2;3;4;5;6;7;8;9;10;11;12;13;14;15;16
1000908,1000008,1500274,metro,1,5.1,2,boarding_links,14.179368637695685,1,999999,2,0,4.285714285714286,999999,0.15,4,0,"LINESTRING (-122.126531 37.696838, -122.126431 37.696938)",w_metro_only;w_bus_metro;d_metro_only;d_bus_metro,Bay Area Rapid Transit,-1,5.1.BAYF:0;1;2;3;4;6;7;8;9;10;11;12;13;14;15;16;17;18;19;20;21;22
1000909,1500274,1000008,metro,1,5.1,2,boarding_links,14.179368637695685,1,999999,2,0,1,999999,0.15,4,0,"LINESTRING (-122.126531 37.696838, -122.126431 37.696938)",w_metro_only;w_bus_metro;d_metro_only;d_bus_metro,Bay Area Rapid Transit,-1,5.1.BAYF:0;1;2;3;4;6;7;8;9;10;11;12;13;14;15;16;17;18;19;20;21;22
1000910,1000009,1500275,metro,1,5.1,2,boarding_links,14.203496834921213,1,999999,2,0,4.285714285714286,999999,0.15,4,0,"LINESTRING (-121.874761 37.368395, -121.874661 37.368495)",w_metro_only;w_bus_metro;d_metro_only;d_bus_metro,Bay Area Rapid Transit,-1,5.1.BERY:0;1;2;3;4;6;7;8;9;10;11;12;13;14;15;16;17;18;19;20;21;22
1000911,1500275,1000009,metro,1,5.1,2,boarding_links,14.203496834921213,1,999999,2,0,1,999999,0.15,4,0,"LINESTRING (-121.874761 37.368395, -121.874661 37.368495)",w_metro_only;w_bus_metro;d_metro_only;d_bus_metro,Bay Area Rapid Transit,-1,5.1.BERY:0;1;2;3;4;6;7;8;9;10;11;12;13;14;15;16;17;18;19;20;21;22
1000912,1000011,1500276,metro,1,5.1,2,boarding_links,14.173289169793485,1,999999,2,0,10,999999,0.15,4,0,"LINESTRING (-122.413979 37.779349999999994, -122.413879 37.77945)",w_metro_only;w_bus_metro;d_metro_only;d_bus_metro,Bay Area Rapid Transit,-1,5.1.CIVC:0;1;2;3;4;5;6;7;8;9;10;11;12;13;14;15;16
1000913,1500276,1000011,metro,1,5.1,2,boarding_links,14.173289169793485,1,999999,2,0,1,999999,0.15,4,0,"LINESTRING (-122.413979 37.779349999999994, -122.413879 37.77945)",w_metro_only;w_bus_metro;d_metro_only;d_bus_metro,Bay Area Rapid Transit,-1,5.1.CIVC:0;1;2;3;4;5;6;7;8;9;10;11;12;13;14;15;16
1000914,1000011,1500277,metro,1,5.1,2,boarding_links,14.173289169793485,1,999999,2,0,4.285714285714286,999999,0.15,4,0,"LINESTRING (-122.413979 37.779349999999994, -122.413879 37.77945)",w_metro_only;w_bus_metro;d_metro_only;d_bus_metro,Bay Area Rapid Transit,-1,5.1.CIVC:0;1;2;3;4;6;7;8;9;10;11;12;13;14;15;16;17;18;19;20;21;22
1000915,1500277,1000011,metro,1,5.1,2,boarding_links,14.173289169793485,1,999999,2,0,1,999999,0.15,4,0,"LINESTRING (-122.413979 37.779349999999994, -122.413879 37.77945)",w_metro_only;w_bus_metro;d_metro_only;d_bus_metro,Bay Area Rapid Transit,-1,5.1.CIVC:0;1;2;3;4;6;7;8;9;10;11;12;13;14;15;16;17;18;19;20;21;22
1000916,1000013,1500278,metro,1,5.1,2,boarding_links,14.175194266042341,1,999999,2,0,10,999999,0.15,4,0,"LINESTRING (-122.196798 37.753504, -122.196698 37.753604)",w_metro_only;w_bus_metro;d_metro_only;d_bus_metro,Bay Area Rapid Transit,-1,5.1.COLS:0;1;2;3;4;5;6;7;8;9;10;11;12;13;14;15;16
1000917,1500278,1000013,metro,1,5.1,2,boarding_links,14.175194266042341,1,999999,2,0,1,999999,0.15,4,0,"LINESTRING (-122.196798 37.753504, -122.196698 37.753604)",w_metro_only;w_bus_metro;d_metro_only;d_bus_metro,Bay Area Rapid Transit,-1,5.1.COLS:0;1;2;3;4;5;6;7;8;9;10;11;12;13;14;15;16
1000918,1000013,1500279,metro,1,5.1,2,boarding_links,14.175194266042341,1,999999,2,0,4.285714285714286,999999,0.15,4,0,"LINESTRING (-122.196798 37.753504, -122.196698 37.753604)",w_metro_only;w_bus_metro;d_metro_only;d_bus_metro,Bay Area Rapid Transit,-1,5.1.COLS:0;1;2;3;4;6;7;8;9;10;11;12;13;14;15;16;17;18;19;20;21;22
1000919,1500279,1000013,metro,1,5.1,2,boarding_links,14.175194266042341,1,999999,2,0,1,999999,0.15,4,0,"LINESTRING (-122.196798 37.753504, -122.196698 37.753604)",w_metro_only;w_bus_metro;d_metro_only;d_bus_metro,Bay Area Rapid Transit,-1,5.1.COLS:0;1;2;3;4;6;7;8;9;10;11;12;13;14;15;16;17;18;19;20;21;22
1000920,1000015,1500280,metro,1,5.1,2,boarding_links,14.178678912330763,1,999999,2,0,10,999999,0.15,4,0,"LINESTRING (-122.469094 37.706204, -122.468994 37.706304)",w_metro_only;w_bus_metro;d_metro_only;d_bus_metro,Bay Area Rapid Transit,-1,5.1.DALY:0;1;2;3;4;5;6;7;8;9;10;11;12;13;14;15;16
1000921,1500280,1000015,metro,1,5.1,2,boarding_links,14.178678912330763,1,999999,2,0,1,999999,0.15,4,0,"LINESTRING (-122.469094 37.706204, -122.468994 37.706304)",w_metro_only;w_bus_metro;d_metro_only;d_bus_metro,Bay Area Rapid Transit,-1,5.1.DALY:0;1;2;3;4;5;6;7;8;9;10;11;12;13;14;15;16
1000922,1000015,1500281,metro,1,5.1,2,boarding_links,14.178678912330763,1,999999,2,0,4.285714285714286,999999,0.15,4,0,"LINESTRING (-122.469094 37.706204, -122.468994 37.706304)",w_metro_only;w_bus_metro;d_metro_only;d_bus_metro,Bay Area Rapid Transit,-1,5.1.DALY:0;1;2;3;4;6;7;8;9;10;11;12;13;14;15;16;17;18;19;20;21;22
1000923,1500281,1000015,metro,1,5.1,2,boarding_links,14.178678912330763,1,999999,2,0,1,999999,0.15,4,0,"LINESTRING (-122.469094 37.706204, -122.468994 37.706304)",w_metro_only;w_bus_metro;d_metro_only;d_bus_metro,Bay Area Rapid Transit,-1,5.1.DALY:0;1;2;3;4;6;7;8;9;10;11;12;13;14;15;16;17;18;19;20;21;22
1000924,1000019,1500282,metro,1,5.1,2,boarding_links,14.172305685013235,1,999999,2,0,10,999999,0.15,4,0,"LINESTRING (-122.39718 37.792688999999996, -122.39708 37.792789)",w_metro_only;w_bus_metro;d_metro_only;d_bus_metro,Bay Area Rapid Transit,-1,5.1.EMBR:0;1;2;3;4;5;6;7;8;9;10;11;12;13;14;15;16
1000925,1500282,1000019,metro,1,5.1,2,boarding_links,14.172305685013235,1,999999,2,0,1,999999,0.15,4,0,"LINESTRING (-122.39718 37.792688999999996, -122.39708 37.792789)",w_metro_only;w_bus_metro;d_metro_only;d_bus_metro,Bay Area Rapid Transit,-1,5.1.EMBR:0;1;2;3;4;5;6;7;8;9;10;11;12;13;14;15;16
1000926,1000019,1500283,metro,1,5.1,2,boarding_links,14.172305685013235,1,999999,2,0,4.285714285714286,999999,0.15,4,0,"LINESTRING (-122.39718 37.792688999999996, -122.39708 37.792789)",w_metro_only;w_bus_metro;d_metro_only;d_bus_metro,Bay Area Rapid Transit,-1,5.1.EMBR:0;1;2;3;4;6;7;8;9;10;11;12;13;14;15;16;17;18;19;20;21;22
1000927,1500283,1000019,metro,1,5.1,2,boarding_links,14.172305685013235,1,999999,2,0,1,999999,0.15,4,0,"LINESTRING (-122.39718 37.792688999999996, -122.39708 37.792789)",w_metro_only;w_bus_metro;d_metro_only;d_bus_metro,Bay Area Rapid Transit,-1,5.1.EMBR:0;1;2;3;4;6;7;8;9;10;11;12;13;14;15;16;17;18;19;20;21;22
1000928,1000020,1500284,metro,1,5.1,2,boarding_links,14.189625142610383,1,999999,2,0,4.285714285714286,999999,0.15,4,0,"LINESTRING (-121.97670500000001 37.557413, -121.976605 37.557513)",w_metro_only;w_bus_metro;d_metro_only;d_bus_metro,Bay Area Rapid Transit,-1,5.1.FRMT:0;1;2;3;4;6;7;8;9;10;11;12;13;14;15;16;17;18;19;20;21;22
1000929,1500284,1000020,metro,1,5.1,2,boarding_links,14.189625142610383,1,999999,2,0,1,999999,0.15,4,0,"LINESTRING (-121.97670500000001 37.557413, -121.976605 37.557513)",w_metro_only;w_bus_metro;d_metro_only;d_bus_metro,Bay Area Rapid Transit,-1,5.1.FRMT:0;1;2;3;4;6;7;8;9;10;11;12;13;14;15;16;17;18;19;20;21;22
1000930,1000021,1500285,metro,1,5.1,2,boarding_links,14.17362658922421,1,999999,2,0,10,999999,0.15,4,0,"LINESTRING (-122.22416700000001 37.774772999999996, -122.224067 37.774873)",w_metro_only;w_bus_metro;d_metro_only;d_bus_metro,Bay Area Rapid Transit,-1,5.1.FTVL:0;1;2;3;4;5;6;7;8;9;10;11;12;13;14;15;16
1000931,1500285,1000021,metro,1,5.1,2,boarding_links,14.17362658922421,1,999999,2,0,1,999999,0.15,4,0,"LINESTRING (-122.22416700000001 37.774772999999996, -122.224067 37.774873)",w_metro_only;w_bus_metro;d_metro_only;d_bus_metro,Bay Area Rapid Transit,-1,5.1.FTVL:0;1;2;3;4;5;6;7;8;9;10;11;12;13;14;15;16
1000932,1000021,1500286,metro,1,5.1,2,boarding_links,14.17362658922421,1,999999,2,0,4.285714285714286,999999,0.15,4,0,"LINESTRING (-122.22416700000001 37.774772999999996, -122.224067 37.774873)",w_metro_only;w_bus_metro;d_metro_only;d_bus_metro,Bay Area Rapid Transit,-1,5.1.FTVL:0;1;2;3;4;6;7;8;9;10;11;12;13;14;15;16;17;18;19;20;21;22
1000933,1500286,1000021,metro,1,5.1,2,boarding_links,14.17362658922421,1,999999,2,0,1,999999,0.15,4,0,"LINESTRING (-122.22416700000001 37.774772999999996, -122.224067 37.774873)",w_metro_only;w_bus_metro;d_metro_only;d_bus_metro,Bay Area Rapid Transit,-1,5.1.FTVL:0;1;2;3;4;6;7;8;9;10;11;12;13;14;15;16;17;18;19;20;21;22
1000934,1000022,1500287,metro,1,5.1,2,boarding_links,14.176692657066226,1,999999,2,0,10,999999,0.15,4,0,"LINESTRING (-122.433657 37.733169, -122.433557 37.733269)",w_metro_only;w_bus_metro;d_metro_only;d_bus_metro,Bay Area Rapid Transit,-1,5.1.GLEN:0;1;2;3;4;5;6;7;8;9;10;11;12;13;14;15;16
1000935,1500287,1000022,metro,1,5.1,2,boarding_links,14.176692657066226,1,999999,2,0,1,999999,0.15,4,0,"LINESTRING (-122.433657 37.733169, -122.433557 37.733269)",w_metro_only;w_bus_metro;d_metro_only;d_bus_metro,Bay Area Rapid Transit,-1,5.1.GLEN:0;1;2;3;4;5;6;7;8;9;10;11;12;13;14;15;16
1000936,1000022,1500288,metro,1,5.1,2,boarding_links,14.176692657066226,1,999999,2,0,4.285714285714286,999999,0.15,4,0,"LINESTRING (-122.433657 37.733169, -122.433557 37.733269)",w_metro_only;w_bus_metro;d_metro_only;d_bus_metro,Bay Area Rapid Transit,-1,5.1.GLEN:0;1;2;3;4;6;7;8;9;10;11;12;13;14;15;16;17;18;19;20;21;22
1000937,1500288,1000022,metro,1,5.1,2,boarding_links,14.176692657066226,1,999999,2,0,1,999999,0.15,4,0,"LINESTRING (-122.433657 37.733169, -122.433557 37.733269)",w_metro_only;w_bus_metro;d_metro_only;d_bus_metro,Bay Area Rapid Transit,-1,5.1.GLEN:0;1;2;3;4;6;7;8;9;10;11;12;13;14;15;16;17;18;19;20;21;22
1000938,1000023,1500289,metro,1,5.1,2,boarding_links,14.18137167557041,1,999999,2,0,10,999999,0.15,4,0,"LINESTRING (-122.087041 37.669630999999995, -122.086941 37.669731)",w_metro_only;w_bus_metro;d_metro_only;d_bus_metro,Bay Area Rapid Transit,-1,5.1.HAYW:0;1;2;3;4;5;6;7;8;9;10;11;12;13;14;15;16
1000939,1500289,1000023,metro,1,5.1,2,boarding_links,14.18137167557041,1,999999,2,0,1,999999,0.15,4,0,"LINESTRING (-122.087041 37.669630999999995, -122.086941 37.669731)",w_metro_only;w_bus_metro;d_metro_only;d_bus_metro,Bay Area Rapid Transit,-1,5.1.HAYW:0;1;2;3;4;5;6;7;8;9;10;11;12;13;14;15;16
1000940,1000023,1500290,metro,1,5.1,2,boarding_links,14.18137167557041,1,999999,2,0,4.285714285714286,999999,0.15,4,0,"LINESTRING (-122.087041 37.669630999999995, -122.086941 37.669731)",w_metro_only;w_bus_metro;d_metro_only;d_bus_metro,Bay Area Rapid Transit,-1,5.1.HAYW:0;1;2;3;4;6;7;8;9;10;11;12;13;14;15;16;17;18;19;20;21;22
1000941,1500290,1000023,metro,1,5.1,2,boarding_links,14.18137167557041,1,999999,2,0,1,999999,0.15,4,0,"LINESTRING (-122.087041 37.669630999999995, -122.086941 37.669731)",w_metro_only;w_bus_metro;d_metro_only;d_bus_metro,Bay Area Rapid Transit,-1,5.1.HAYW:0;1;2;3;4;6;7;8;9;10;11;12;13;14;15;16;17;18;19;20;21;22
1000942,1000025,1500291,metro,1,5.1,2,boarding_links,14.171968843509614,1,999999,2,0,10,999999,0.15,4,0,"LINESTRING (-122.265332 37.797256999999995, -122.265232 37.797357)",w_metro_only;w_bus_metro;d_metro_only;d_bus_metro,Bay Area Rapid Transit,-1,5.1.LAKE:0;1;2;3;4;5;6;7;8;9;10;11;12;13;14;15;16
1000943,1500291,1000025,metro,1,5.1,2,boarding_links,14.171968843509614,1,999999,2,0,1,999999,0.15,4,0,"LINESTRING (-122.265332 37.797256999999995, -122.265232 37.797357)",w_metro_only;w_bus_metro;d_metro_only;d_bus_metro,Bay Area Rapid Transit,-1,5.1.LAKE:0;1;2;3;4;5;6;7;8;9;10;11;12;13;14;15;16
1000944,1000025,1500292,metro,1,5.1,2,boarding_links,14.171968843509614,1,999999,2,0,4.285714285714286,999999,0.15,4,0,"LINESTRING (-122.265332 37.797256999999995, -122.265232 37.797357)",w_metro_only;w_bus_metro;d_metro_only;d_bus_metro,Bay Area Rapid Transit,-1,5.1.LAKE:0;1;2;3;4;6;7;8;9;10;11;12;13;14;15;16;17;18;19;20;21;22
1000945,1500292,1000025,metro,1,5.1,2,boarding_links,14.171968843509614,1,999999,2,0,1,999999,0.15,4,0,"LINESTRING (-122.265332 37.797256999999995, -122.265232 37.797357)",w_metro_only;w_bus_metro;d_metro_only;d_bus_metro,Bay Area Rapid Transit,-1,5.1.LAKE:0;1;2;3;4;6;7;8;9;10;11;12;13;14;15;16;17;18;19;20;21;22
1000946,1000028,1500293,metro,1,5.1,2,boarding_links,14.20046616117804,1,999999,2,0,4.285714285714286,999999,0.15,4,0,"LINESTRING (-121.89090300000001 37.409735999999995, -121.890803 37.409836)",w_metro_only;w_bus_metro;d_metro_only;d_bus_metro,Bay Area Rapid Transit,-1,5.1.MLPT:0;1;2;3;4;6;7;8;9;10;11;12;13;14;15;16;17;18;19;20;21;22
1000947,1500293,1000028,metro,1,5.1,2,boarding_links,14.20046616117804,1,999999,2,0,1,999999,0.15,4,0,"LINESTRING (-121.89090300000001 37.409735999999995, -121.890803 37.409836)",w_metro_only;w_bus_metro;d_metro_only;d_bus_metro,Bay Area Rapid Transit,-1,5.1.MLPT:0;1;2;3;4;6;7;8;9;10;11;12;13;14;15;16;17;18;19;20;21;22
1000948,1000029,1500294,metro,1,5.1,2,boarding_links,14.172569361829053,1,999999,2,0,10,999999,0.15,4,0,"LINESTRING (-122.401742 37.78911299999999, -122.401642 37.789213)",w_metro_only;w_bus_metro;d_metro_only;d_bus_metro,Bay Area Rapid Transit,-1,5.1.MONT:0;1;2;3;4;5;6;7;8;9;10;11;12;13;14;15;16
1000949,1500294,1000029,metro,1,5.1,2,boarding_links,14.172569361829053,1,999999,2,0,1,999999,0.15,4,0,"LINESTRING (-122.401742 37.78911299999999, -122.401642 37.789213)",w_metro_only;w_bus_metro;d_metro_only;d_bus_metro,Bay Area Rapid Transit,-1,5.1.MONT:0;1;2;3;4;5;6;7;8;9;10;11;12;13;14;15;16
1000950,1000029,1500295,metro,1,5.1,2,boarding_links,14.172569361829053,1,999999,2,0,4.285714285714286,999999,0.15,4,0,"LINESTRING (-122.401742 37.78911299999999, -122.401642 37.789213)",w_metro_only;w_bus_metro;d_metro_only;d_bus_metro,Bay Area Rapid Transit,-1,5.1.MONT:0;1;2;3;4;6;7;8;9;10;11;12;13;14;15;16;17;18;19;20;21;22
1000951,1500295,1000029,metro,1,5.1,2,boarding_links,14.172569361829053,1,999999,2,0,1,999999,0.15,4,0,"LINESTRING (-122.401742 37.78911299999999, -122.401642 37.789213)",w_metro_only;w_bus_metro;d_metro_only;d_bus_metro,Bay Area Rapid Transit,-1,5.1.MONT:0;1;2;3;4;6;7;8;9;10;11;12;13;14;15;16;17;18;19;20;21;22
1000952,1000038,1500296,metro,1,5.1,2,boarding_links,14.172906164444168,1,999999,2,0,10,999999,0.15,4,0,"LINESTRING (-122.407487 37.784544999999994, -122.407387 37.784645)",w_metro_only;w_bus_metro;d_metro_only;d_bus_metro,Bay Area Rapid Transit,-1,5.1.POWL:0;1;2;3;4;5;6;7;8;9;10;11;12;13;14;15;16
1000953,1500296,1000038,metro,1,5.1,2,boarding_links,14.172906164444168,1,999999,2,0,1,999999,0.15,4,0,"LINESTRING (-122.407487 37.784544999999994, -122.407387 37.784645)",w_metro_only;w_bus_metro;d_metro_only;d_bus_metro,Bay Area Rapid Transit,-1,5.1.POWL:0;1;2;3;4;5;6;7;8;9;10;11;12;13;14;15;16
1000954,1000038,1500297,metro,1,5.1,2,boarding_links,14.172906164444168,1,999999,2,0,4.285714285714286,999999,0.15,4,0,"LINESTRING (-122.407487 37.784544999999994, -122.407387 37.784645)",w_metro_only;w_bus_metro;d_metro_only;d_bus_metro,Bay Area Rapid Transit,-1,5.1.POWL:0;1;2;3;4;6;7;8;9;10;11;12;13;14;15;16;17;18;19;20;21;22
1000955,1500297,1000038,metro,1,5.1,2,boarding_links,14.172906164444168,1,999999,2,0,1,999999,0.15,4,0,"LINESTRING (-122.407487 37.784544999999994, -122.407387 37.784645)",w_metro_only;w_bus_metro;d_metro_only;d_bus_metro,Bay Area Rapid Transit,-1,5.1.POWL:0;1;2;3;4;6;7;8;9;10;11;12;13;14;15;16;17;18;19;20;21;22
1000956,1000041,1500298,metro,1,5.1,2,boarding_links,14.177537120666074,1,999999,2,0,10,999999,0.15,4,0,"LINESTRING (-122.160813 37.721706, -122.160713 37.721806)",w_metro_only;w_bus_metro;d_metro_only;d_bus_metro,Bay Area Rapid Transit,-1,5.1.SANL:0;1;2;3;4;5;6;7;8;9;10;11;12;13;14;15;16
1000957,1500298,1000041,metro,1,5.1,2,boarding_links,14.177537120666074,1,999999,2,0,1,999999,0.15,4,0,"LINESTRING (-122.160813 37.721706, -122.160713 37.721806)",w_metro_only;w_bus_metro;d_metro_only;d_bus_metro,Bay Area Rapid Transit,-1,5.1.SANL:0;1;2;3;4;5;6;7;8;9;10;11;12;13;14;15;16
1000958,1000041,1500299,metro,1,5.1,2,boarding_links,14.177537120666074,1,999999,2,0,4.285714285714286,999999,0.15,4,0,"LINESTRING (-122.160813 37.721706, -122.160713 37.721806)",w_metro_only;w_bus_metro;d_metro_only;d_bus_metro,Bay Area Rapid Transit,-1,5.1.SANL:0;1;2;3;4;6;7;8;9;10;11;12;13;14;15;16;17;18;19;20;21;22
1000959,1500299,1000041,metro,1,5.1,2,boarding_links,14.177537120666074,1,999999,2,0,1,999999,0.15,4,0,"LINESTRING (-122.160813 37.721706, -122.160713 37.721806)",w_metro_only;w_bus_metro;d_metro_only;d_bus_metro,Bay Area Rapid Transit,-1,5.1.SANL:0;1;2;3;4;6;7;8;9;10;11;12;13;14;15;16;17;18;19;20;21;22
1000960,1000044,1500300,metro,1,5.1,2,boarding_links,14.183974377004882,1,999999,2,0,10,999999,0.15,4,0,"LINESTRING (-122.057258 37.634263, -122.057158 37.634363)",w_metro_only;w_bus_metro;d_metro_only;d_bus_metro,Bay Area Rapid Transit,-1,5.1.SHAY:0;1;2;3;4;5;6;7;8;9;10;11;12;13;14;15;16
1000961,1500300,1000044,metro,1,5.1,2,boarding_links,14.183974377004882,1,999999,2,0,1,999999,0.15,4,0,"LINESTRING (-122.057258 37.634263, -122.057158 37.634363)",w_metro_only;w_bus_metro;d_metro_only;d_bus_metro,Bay Area Rapid Transit,-1,5.1.SHAY:0;1;2;3;4;5;6;7;8;9;10;11;12;13;14;15;16
1000962,1000044,1500301,metro,1,5.1,2,boarding_links,14.183974377004882,1,999999,2,0,4.285714285714286,999999,0.15,4,0,"LINESTRING (-122.057258 37.634263, -122.057158 37.634363)",w_metro_only;w_bus_metro;d_metro_only;d_bus_metro,Bay Area Rapid Transit,-1,5.1.SHAY:0;1;2;3;4;6;7;8;9;10;11;12;13;14;15;16;17;18;19;20;21;22
1000963,1500301,1000044,metro,1,5.1,2,boarding_links,14.183974377004882,1,999999,2,0,1,999999,0.15,4,0,"LINESTRING (-122.057258 37.634263, -122.057158 37.634363)",w_metro_only;w_bus_metro;d_metro_only;d_bus_metro,Bay Area Rapid Transit,-1,5.1.SHAY:0;1;2;3;4;6;7;8;9;10;11;12;13;14;15;16;17;18;19;20;21;22
1000964,1000046,1500302,metro,1,5.1,2,boarding_links,14.187180897678811,1,999999,2,0,4.285714285714286,999999,0.15,4,0,"LINESTRING (-122.01733 37.590664999999994, -122.01723 37.590765)",w_metro_only;w_bus_metro;d_metro_only;d_bus_metro,Bay Area Rapid Transit,-1,5.1.UCTY:0;1;2;3;4;6;7;8;9;10;11;12;13;14;15;16;17;18;19;20;21;22
1000965,1500302,1000046,metro,1,5.1,2,boarding_links,14.187180897678811,1,999999,2,0,1,999999,0.15,4,0,"LINESTRING (-122.01733 37.590664999999994, -122.01723 37.590765)",w_metro_only;w_bus_metro;d_metro_only;d_bus_metro,Bay Area Rapid Transit,-1,5.1.UCTY:0;1;2;3;4;6;7;8;9;10;11;12;13;14;15;16;17;18;19;20;21;22
1000966,1000047,1500303,metro,1,5.1,2,boarding_links,14.193680558233181,1,999999,2,0,4.285714285714286,999999,0.15,4,0,"LINESTRING (-121.939458 37.502207, -121.939358 37.502307)",w_metro_only;w_bus_metro;d_metro_only;d_bus_metro,Bay Area Rapid Transit,-1,5.1.WARM:0;1;2;3;4;6;7;8;9;10;11;12;13;14;15;16;17;18;19;20;21;22
1000967,1500303,1000047,metro,1,5.1,2,boarding_links,14.193680558233181,1,999999,2,0,1,999999,0.15,4,0,"LINESTRING (-121.939458 37.502207, -121.939358 37.502307)",w_metro_only;w_bus_metro;d_metro_only;d_bus_metro,Bay Area Rapid Transit,-1,5.1.WARM:0;1;2;3;4;6;7;8;9;10;11;12;13;14;15;16;17;18;19;20;21;22
1000968,1000050,1500304,metro,1,5.1,2,boarding_links,14.171410883375088,1,999999,2,0,10,999999,0.15,4,0,"LINESTRING (-122.295244 37.804823, -122.295144 37.804923)",w_metro_only;w_bus_metro;d_metro_only;d_bus_metro,Bay Area Rapid Transit,-1,5.1.WOAK:0;1;2;3;4;5;6;7;8;9;10;11;12;13;14;15;16
1000969,1500304,1000050,metro,1,5.1,2,boarding_links,14.171410883375088,1,999999,2,0,1,999999,0.15,4,0,"LINESTRING (-122.295244 37.804823, -122.295144 37.804923)",w_metro_only;w_bus_metro;d_metro_only;d_bus_metro,Bay Area Rapid Transit,-1,5.1.WOAK:0;1;2;3;4;5;6;7;8;9;10;11;12;13;14;15;16
1000970,1000050,1500305,metro,1,5.1,2,boarding_links,14.171410883375088,1,999999,2,0,4.285714285714286,999999,0.15,4,0,"LINESTRING (-122.295244 37.804823, -122.295144 37.804923)",w_metro_only;w_bus_metro;d_metro_only;d_bus_metro,Bay Area Rapid Transit,-1,5.1.WOAK:0;1;2;3;4;6;7;8;9;10;11;12;13;14;15;16;17;18;19;20;21;22
1000971,1500305,1000050,metro,1,5.1,2,boarding_links,14.171410883375088,1,999999,2,0,1,999999,0.15,4,0,"LINESTRING (-122.295244 37.804823, -122.295144 37.804923)",w_metro_only;w_bus_metro;d_metro_only;d_bus_metro,Bay Area Rapid Transit,-1,5.1.WOAK:0;1;2;3;4;6;7;8;9;10;11;12;13;14;15;16;17;18;19;20;21;22
1000972,1000002,1500306,metro,1,6.2,2,boarding_links,14.174341385964397,1,999999,2,0,4.285714285714286,999999,0.15,4,0,"LINESTRING (-122.419855 37.76507599999999, -122.419755 37.765176)",w_metro_only;w_bus_metro;d_metro_only;d_bus_metro,Bay Area Rapid Transit,-1,6.2.16TH:0;1;2;3;4;5;6;7;8;9;10;11;12;13;14;15;16;18;19;20;21;22
1000973,1500306,1000002,metro,1,6.2,2,boarding_links,14.174341385964397,1,999999,2,0,1,999999,0.15,4,0,"LINESTRING (-122.419855 37.76507599999999, -122.419755 37.765176)",w_metro_only;w_bus_metro;d_metro_only;d_bus_metro,Bay Area Rapid Transit,-1,6.2.16TH:0;1;2;3;4;5;6;7;8;9;10;11;12;13;14;15;16;18;19;20;21;22
1000974,1000004,1500307,metro,1,6.2,2,boarding_links,14.175281373962715,1,999999,2,0,4.285714285714286,999999,0.15,4,0,"LINESTRING (-122.41861800000001 37.752322, -122.418518 37.752422)",w_metro_only;w_bus_metro;d_metro_only;d_bus_metro,Bay Area Rapid Transit,-1,6.2.24TH:0;1;2;3;4;5;6;7;8;9;10;11;12;13;14;15;16;18;19;20;21;22
1000975,1500307,1000004,metro,1,6.2,2,boarding_links,14.175281373962715,1,999999,2,0,1,999999,0.15,4,0,"LINESTRING (-122.41861800000001 37.752322, -122.418518 37.752422)",w_metro_only;w_bus_metro;d_metro_only;d_bus_metro,Bay Area Rapid Transit,-1,6.2.24TH:0;1;2;3;4;5;6;7;8;9;10;11;12;13;14;15;16;18;19;20;21;22
1000976,1000007,1500308,metro,1,6.2,2,boarding_links,14.177540656470589,1,999999,2,0,4.285714285714286,999999,0.15,4,0,"LINESTRING (-122.44761 37.721658, -122.44751 37.721758)",w_metro_only;w_bus_metro;d_metro_only;d_bus_metro,Bay Area Rapid Transit,-1,6.2.BALB:0;1;2;3;4;5;6;7;8;9;10;11;12;13;14;15;16;18;19;20;21;22
1000977,1500308,1000007,metro,1,6.2,2,boarding_links,14.177540656470589,1,999999,2,0,1,999999,0.15,4,0,"LINESTRING (-122.44761 37.721658, -122.44751 37.721758)",w_metro_only;w_bus_metro;d_metro_only;d_bus_metro,Bay Area Rapid Transit,-1,6.2.BALB:0;1;2;3;4;5;6;7;8;9;10;11;12;13;14;15;16;18;19;20;21;22
1000978,1000008,1500309,metro,1,6.2,2,boarding_links,14.179368637695685,1,999999,2,0,4.285714285714286,999999,0.15,4,0,"LINESTRING (-122.126531 37.696838, -122.126431 37.696938)",w_metro_only;w_bus_metro;d_metro_only;d_bus_metro,Bay Area Rapid Transit,-1,6.2.BAYF:0;1;2;3;4;5;6;7;8;9;10;11;12;13;14;15;16;18;19;20;21;22
1000979,1500309,1000008,metro,1,6.2,2,boarding_links,14.179368637695685,1,999999,2,0,1,999999,0.15,4,0,"LINESTRING (-122.126531 37.696838, -122.126431 37.696938)",w_metro_only;w_bus_metro;d_metro_only;d_bus_metro,Bay Area Rapid Transit,-1,6.2.BAYF:0;1;2;3;4;5;6;7;8;9;10;11;12;13;14;15;16;18;19;20;21;22
1000980,1000009,1500310,metro,1,6.2,2,boarding_links,14.203496834921213,1,999999,2,0,10,999999,0.15,4,0,"LINESTRING (-121.874761 37.368395, -121.874661 37.368495)",w_metro_only;w_bus_metro;d_metro_only;d_bus_metro,Bay Area Rapid Transit,-1,6.2.BERY:0;1;2;3;4
1000981,1500310,1000009,metro,1,6.2,2,boarding_links,14.203496834921213,1,999999,2,0,1,999999,0.15,4,0,"LINESTRING (-121.874761 37.368395, -121.874661 37.368495)",w_metro_only;w_bus_metro;d_metro_only;d_bus_metro,Bay Area Rapid Transit,-1,6.2.BERY:0;1;2;3;4
1000982,1000009,1500311,metro,1,6.2,2,boarding_links,14.203496834921213,1,999999,2,0,4.285714285714286,999999,0.15,4,0,"LINESTRING (-121.874761 37.368395, -121.874661 37.368495)",w_metro_only;w_bus_metro;d_metro_only;d_bus_metro,Bay Area Rapid Transit,-1,6.2.BERY:0;1;2;3;4;5;6;7;8;9;10;11;12;13;14;15;16;18;19;20;21;22
1000983,1500311,1000009,metro,1,6.2,2,boarding_links,14.203496834921213,1,999999,2,0,1,999999,0.15,4,0,"LINESTRING (-121.874761 37.368395, -121.874661 37.368495)",w_metro_only;w_bus_metro;d_metro_only;d_bus_metro,Bay Area Rapid Transit,-1,6.2.BERY:0;1;2;3;4;5;6;7;8;9;10;11;12;13;14;15;16;18;19;20;21;22
1000984,1000011,1500312,metro,1,6.2,2,boarding_links,14.173289169793485,1,999999,2,0,4.285714285714286,999999,0.15,4,0,"LINESTRING (-122.413979 37.779349999999994, -122.413879 37.77945)",w_metro_only;w_bus_metro;d_metro_only;d_bus_metro,Bay Area Rapid Transit,-1,6.2.CIVC:0;1;2;3;4;5;6;7;8;9;10;11;12;13;14;15;16;18;19;20;21;22
1000985,1500312,1000011,metro,1,6.2,2,boarding_links,14.173289169793485,1,999999,2,0,1,999999,0.15,4,0,"LINESTRING (-122.413979 37.779349999999994, -122.413879 37.77945)",w_metro_only;w_bus_metro;d_metro_only;d_bus_metro,Bay Area Rapid Transit,-1,6.2.CIVC:0;1;2;3;4;5;6;7;8;9;10;11;12;13;14;15;16;18;19;20;21;22
1000986,1000013,1500313,metro,1,6.2,2,boarding_links,14.175194266042341,1,999999,2,0,4.285714285714286,999999,0.15,4,0,"LINESTRING (-122.196798 37.753504, -122.196698 37.753604)",w_metro_only;w_bus_metro;d_metro_only;d_bus_metro,Bay Area Rapid Transit,-1,6.2.COLS:0;1;2;3;4;5;6;7;8;9;10;11;12;13;14;15;16;18;19;20;21;22
1000987,1500313,1000013,metro,1,6.2,2,boarding_links,14.175194266042341,1,999999,2,0,1,999999,0.15,4,0,"LINESTRING (-122.196798 37.753504, -122.196698 37.753604)",w_metro_only;w_bus_metro;d_metro_only;d_bus_metro,Bay Area Rapid Transit,-1,6.2.COLS:0;1;2;3;4;5;6;7;8;9;10;11;12;13;14;15;16;18;19;20;21;22
1000988,1000015,1500314,metro,1,6.2,2,boarding_links,14.178678912330763,1,999999,2,0,4.285714285714286,999999,0.15,4,0,"LINESTRING (-122.469094 37.706204, -122.468994 37.706304)",w_metro_only;w_bus_metro;d_metro_only;d_bus_metro,Bay Area Rapid Transit,-1,6.2.DALY:0;1;2;3;4;5;6;7;8;9;10;11;12;13;14;15;16;18;19;20;21;22
1000989,1500314,1000015,metro,1,6.2,2,boarding_links,14.178678912330763,1,999999,2,0,1,999999,0.15,4,0,"LINESTRING (-122.469094 37.706204, -122.468994 37.706304)",w_metro_only;w_bus_metro;d_metro_only;d_bus_metro,Bay Area Rapid Transit,-1,6.2.DALY:0;1;2;3;4;5;6;7;8;9;10;11;12;13;14;15;16;18;19;20;21;22
1000990,1000019,1500315,metro,1,6.2,2,boarding_links,14.172305685013235,1,999999,2,0,4.285714285714286,999999,0.15,4,0,"LINESTRING (-122.39718 37.792688999999996, -122.39708 37.792789)",w_metro_only;w_bus_metro;d_metro_only;d_bus_metro,Bay Area Rapid Transit,-1,6.2.EMBR:0;1;2;3;4;5;6;7;8;9;10;11;12;13;14;15;16;18;19;20;21;22
1000991,1500315,1000019,metro,1,6.2,2,boarding_links,14.172305685013235,1,999999,2,0,1,999999,0.15,4,0,"LINESTRING (-122.39718 37.792688999999996, -122.39708 37.792789)",w_metro_only;w_bus_metro;d_metro_only;d_bus_metro,Bay Area Rapid Transit,-1,6.2.EMBR:0;1;2;3;4;5;6;7;8;9;10;11;12;13;14;15;16;18;19;20;21;22
1000992,1000020,1500316,metro,1,6.2,2,boarding_links,14.189625142610383,1,999999,2,0,10,999999,0.15,4,0,"LINESTRING (-121.97670500000001 37.557413, -121.976605 37.557513)",w_metro_only;w_bus_metro;d_metro_only;d_bus_metro,Bay Area Rapid Transit,-1,6.2.FRMT:0;1;2;3;4
1000993,1500316,1000020,metro,1,6.2,2,boarding_links,14.189625142610383,1,999999,2,0,1,999999,0.15,4,0,"LINESTRING (-121.97670500000001 37.557413, -121.976605 37.557513)",w_metro_only;w_bus_metro;d_metro_only;d_bus_metro,Bay Area Rapid Transit,-1,6.2.FRMT:0;1;2;3;4
1000994,1000020,1500317,metro,1,6.2,2,boarding_links,14.189625142610383,1,999999,2,0,4.285714285714286,999999,0.15,4,0,"LINESTRING (-121.97670500000001 37.557413, -121.976605 37.557513)",w_metro_only;w_bus_metro;d_metro_only;d_bus_metro,Bay Area Rapid Transit,-1,6.2.FRMT:0;1;2;3;4;5;6;7;8;9;10;11;12;13;14;15;16;18;19;20;21;22
1000995,1500317,1000020,metro,1,6.2,2,boarding_links,14.189625142610383,1,999999,2,0,1,999999,0.15,4,0,"LINESTRING (-121.97670500000001 37.557413, -121.976605 37.557513)",w_metro_only;w_bus_metro;d_metro_only;d_bus_metro,Bay Area Rapid Transit,-1,6.2.FRMT:0;1;2;3;4;5;6;7;8;9;10;11;12;13;14;15;16;18;19;20;21;22
1000996,1000021,1500318,metro,1,6.2,2,boarding_links,14.17362658922421,1,999999,2,0,4.285714285714286,999999,0.15,4,0,"LINESTRING (-122.22416700000001 37.774772999999996, -122.224067 37.774873)",w_metro_only;w_bus_metro;d_metro_only;d_bus_metro,Bay Area Rapid Transit,-1,6.2.FTVL:0;1;2;3;4;5;6;7;8;9;10;11;12;13;14;15;16;18;19;20;21;22
1000997,1500318,1000021,metro,1,6.2,2,boarding_links,14.17362658922421,1,999999,2,0,1,999999,0.15,4,0,"LINESTRING (-122.22416700000001 37.774772999999996, -122.224067 37.774873)",w_metro_only;w_bus_metro;d_metro_only;d_bus_metro,Bay Area Rapid Transit,-1,6.2.FTVL:0;1;2;3;4;5;6;7;8;9;10;11;12;13;14;15;16;18;19;20;21;22
1000998,1000022,1500319,metro,1,6.2,2,boarding_links,14.176692657066226,1,999999,2,0,4.285714285714286,999999,0.15,4,0,"LINESTRING (-122.433657 37.733169, -122.433557 37.733269)",w_metro_only;w_bus_metro;d_metro_only;d_bus_metro,Bay Area Rapid Transit,-1,6.2.GLEN:0;1;2;3;4;5;6;7;8;9;10;11;12;13;14;15;16;18;19;20;21;22
1000999,1500319,1000022,metro,1,6.2,2,boarding_links,14.176692657066226,1,999999,2,0,1,999999,0.15,4,0,"LINESTRING (-122.433657 37.733169, -122.433557 37.733269)",w_metro_only;w_bus_metro;d_metro_only;d_bus_metro,Bay Area Rapid Transit,-1,6.2.GLEN:0;1;2;3;4;5;6;7;8;9;10;11;12;13;14;15;16;18;19;20;21;22
1001000,1000023,1500320,metro,1,6.2,2,boarding_links,14.18137167557041,1,999999,2,0,4.285714285714286,999999,0.15,4,0,"LINESTRING (-122.087041 37.669630999999995, -122.086941 37.669731)",w_metro_only;w_bus_metro;d_metro_only;d_bus_metro,Bay Area Rapid Transit,-1,6.2.HAYW:0;1;2;3;4;5;6;7;8;9;10;11;12;13;14;15;16;18;19;20;21;22
1001001,1500320,1000023,metro,1,6.2,2,boarding_links,14.18137167557041,1,999999,2,0,1,999999,0.15,4,0,"LINESTRING (-122.087041 37.669630999999995, -122.086941 37.669731)",w_metro_only;w_bus_metro;d_metro_only;d_bus_metro,Bay Area Rapid Transit,-1,6.2.HAYW:0;1;2;3;4;5;6;7;8;9;10;11;12;13;14;15;16;18;19;20;21;22
1001002,1000025,1500321,metro,1,6.2,2,boarding_links,14.171968843509614,1,999999,2,0,4.285714285714286,999999,0.15,4,0,"LINESTRING (-122.265332 37.797256999999995, -122.265232 37.797357)",w_metro_only;w_bus_metro;d_metro_only;d_bus_metro,Bay Area Rapid Transit,-1,6.2.LAKE:0;1;2;3;4;5;6;7;8;9;10;11;12;13;14;15;16;18;19;20;21;22
1001003,1500321,1000025,metro,1,6.2,2,boarding_links,14.171968843509614,1,999999,2,0,1,999999,0.15,4,0,"LINESTRING (-122.265332 37.797256999999995, -122.265232 37.797357)",w_metro_only;w_bus_metro;d_metro_only;d_bus_metro,Bay Area Rapid Transit,-1,6.2.LAKE:0;1;2;3;4;5;6;7;8;9;10;11;12;13;14;15;16;18;19;20;21;22
1001004,1000028,1500322,metro,1,6.2,2,boarding_links,14.20046616117804,1,999999,2,0,10,999999,0.15,4,0,"LINESTRING (-121.89090300000001 37.409735999999995, -121.890803 37.409836)",w_metro_only;w_bus_metro;d_metro_only;d_bus_metro,Bay Area Rapid Transit,-1,6.2.MLPT:0;1;2;3;4
1001005,1500322,1000028,metro,1,6.2,2,boarding_links,14.20046616117804,1,999999,2,0,1,999999,0.15,4,0,"LINESTRING (-121.89090300000001 37.409735999999995, -121.890803 37.409836)",w_metro_only;w_bus_metro;d_metro_only;d_bus_metro,Bay Area Rapid Transit,-1,6.2.MLPT:0;1;2;3;4
1001006,1000028,1500323,metro,1,6.2,2,boarding_links,14.20046616117804,1,999999,2,0,4.285714285714286,999999,0.15,4,0,"LINESTRING (-121.89090300000001 37.409735999999995, -121.890803 37.409836)",w_metro_only;w_bus_metro;d_metro_only;d_bus_metro,Bay Area Rapid Transit,-1,6.2.MLPT:0;1;2;3;4;5;6;7;8;9;10;11;12;13;14;15;16;18;19;20;21;22
1001007,1500323,1000028,metro,1,6.2,2,boarding_links,14.20046616117804,1,999999,2,0,1,999999,0.15,4,0,"LINESTRING (-121.89090300000001 37.409735999999995, -121.890803 37.409836)",w_metro_only;w_bus_metro;d_metro_only;d_bus_metro,Bay Area Rapid Transit,-1,6.2.MLPT:0;1;2;3;4;5;6;7;8;9;10;11;12;13;14;15;16;18;19;20;21;22
1001008,1000029,1500324,metro,1,6.2,2,boarding_links,14.172569361829053,1,999999,2,0,4.285714285714286,999999,0.15,4,0,"LINESTRING (-122.401742 37.78911299999999, -122.401642 37.789213)",w_metro_only;w_bus_metro;d_metro_only;d_bus_metro,Bay Area Rapid Transit,-1,6.2.MONT:0;1;2;3;4;5;6;7;8;9;10;11;12;13;14;15;16;18;19;20;21;22
1001009,1500324,1000029,metro,1,6.2,2,boarding_links,14.172569361829053,1,999999,2,0,1,999999,0.15,4,0,"LINESTRING (-122.401742 37.78911299999999, -122.401642 37.789213)",w_metro_only;w_bus_metro;d_metro_only;d_bus_metro,Bay Area Rapid Transit,-1,6.2.MONT:0;1;2;3;4;5;6;7;8;9;10;11;12;13;14;15;16;18;19;20;21;22
1001010,1000038,1500325,metro,1,6.2,2,boarding_links,14.172906164444168,1,999999,2,0,4.285714285714286,999999,0.15,4,0,"LINESTRING (-122.407487 37.784544999999994, -122.407387 37.784645)",w_metro_only;w_bus_metro;d_metro_only;d_bus_metro,Bay Area Rapid Transit,-1,6.2.POWL:0;1;2;3;4;5;6;7;8;9;10;11;12;13;14;15;16;18;19;20;21;22
1001011,1500325,1000038,metro,1,6.2,2,boarding_links,14.172906164444168,1,999999,2,0,1,999999,0.15,4,0,"LINESTRING (-122.407487 37.784544999999994, -122.407387 37.784645)",w_metro_only;w_bus_metro;d_metro_only;d_bus_metro,Bay Area Rapid Transit,-1,6.2.POWL:0;1;2;3;4;5;6;7;8;9;10;11;12;13;14;15;16;18;19;20;21;22
1001012,1000041,1500326,metro,1,6.2,2,boarding_links,14.177537120666074,1,999999,2,0,4.285714285714286,999999,0.15,4,0,"LINESTRING (-122.160813 37.721706, -122.160713 37.721806)",w_metro_only;w_bus_metro;d_metro_only;d_bus_metro,Bay Area Rapid Transit,-1,6.2.SANL:0;1;2;3;4;5;6;7;8;9;10;11;12;13;14;15;16;18;19;20;21;22
1001013,1500326,1000041,metro,1,6.2,2,boarding_links,14.177537120666074,1,999999,2,0,1,999999,0.15,4,0,"LINESTRING (-122.160813 37.721706, -122.160713 37.721806)",w_metro_only;w_bus_metro;d_metro_only;d_bus_metro,Bay Area Rapid Transit,-1,6.2.SANL:0;1;2;3;4;5;6;7;8;9;10;11;12;13;14;15;16;18;19;20;21;22
1001014,1000044,1500327,metro,1,6.2,2,boarding_links,14.183974377004882,1,999999,2,0,4.285714285714286,999999,0.15,4,0,"LINESTRING (-122.057258 37.634263, -122.057158 37.634363)",w_metro_only;w_bus_metro;d_metro_only;d_bus_metro,Bay Area Rapid Transit,-1,6.2.SHAY:0;1;2;3;4;5;6;7;8;9;10;11;12;13;14;15;16;18;19;20;21;22
1001015,1500327,1000044,metro,1,6.2,2,boarding_links,14.183974377004882,1,999999,2,0,1,999999,0.15,4,0,"LINESTRING (-122.057258 37.634263, -122.057158 37.634363)",w_metro_only;w_bus_metro;d_metro_only;d_bus_metro,Bay Area Rapid Transit,-1,6.2.SHAY:0;1;2;3;4;5;6;7;8;9;10;11;12;13;14;15;16;18;19;20;21;22
1001016,1000046,1500328,metro,1,6.2,2,boarding_links,14.187180897678811,1,999999,2,0,10,999999,0.15,4,0,"LINESTRING (-122.01733 37.590664999999994, -122.01723 37.590765)",w_metro_only;w_bus_metro;d_metro_only;d_bus_metro,Bay Area Rapid Transit,-1,6.2.UCTY:0;1;2;3;4
1001017,1500328,1000046,metro,1,6.2,2,boarding_links,14.187180897678811,1,999999,2,0,1,999999,0.15,4,0,"LINESTRING (-122.01733 37.590664999999994, -122.01723 37.590765)",w_metro_only;w_bus_metro;d_metro_only;d_bus_metro,Bay Area Rapid Transit,-1,6.2.UCTY:0;1;2;3;4
1001018,1000046,1500329,metro,1,6.2,2,boarding_links,14.187180897678811,1,999999,2,0,4.285714285714286,999999,0.15,4,0,"LINESTRING (-122.01733 37.590664999999994, -122.01723 37.590765)",w_metro_only;w_bus_metro;d_metro_only;d_bus_metro,Bay Area Rapid Transit,-1,6.2.UCTY:0;1;2;3;4;5;6;7;8;9;10;11;12;13;14;15;16;18;19;20;21;22
1001019,1500329,1000046,metro,1,6.2,2,boarding_links,14.187180897678811,1,999999,2,0,1,999999,0.15,4,0,"LINESTRING (-122.01733 37.590664999999994, -122.01723 37.590765)",w_metro_only;w_bus_metro;d_metro_only;d_bus_metro,Bay Area Rapid Transit,-1,6.2.UCTY:0;1;2;3;4;5;6;7;8;9;10;11;12;13;14;15;16;18;19;20;21;22
1001020,1000047,1500330,metro,1,6.2,2,boarding_links,14.193680558233181,1,999999,2,0,10,999999,0.15,4,0,"LINESTRING (-121.939458 37.502207, -121.939358 37.502307)",w_metro_only;w_bus_metro;d_metro_only;d_bus_metro,Bay Area Rapid Transit,-1,6.2.WARM:0;1;2;3;4
1001021,1500330,1000047,metro,1,6.2,2,boarding_links,14.193680558233181,1,999999,2,0,1,999999,0.15,4,0,"LINESTRING (-121.939458 37.502207, -121.939358 37.502307)",w_metro_only;w_bus_metro;d_metro_only;d_bus_metro,Bay Area Rapid Transit,-1,6.2.WARM:0;1;2;3;4
1001022,1000047,1500331,metro,1,6.2,2,boarding_links,14.193680558233181,1,999999,2,0,4.285714285714286,999999,0.15,4,0,"LINESTRING (-121.939458 37.502207, -121.939358 37.502307)",w_metro_only;w_bus_metro;d_metro_only;d_bus_metro,Bay Area Rapid Transit,-1,6.2.WARM:0;1;2;3;4;5;6;7;8;9;10;11;12;13;14;15;16;18;19;20;21;22
1001023,1500331,1000047,metro,1,6.2,2,boarding_links,14.193680558233181,1,999999,2,0,1,999999,0.15,4,0,"LINESTRING (-121.939458 37.502207, -121.939358 37.502307)",w_metro_only;w_bus_metro;d_metro_only;d_bus_metro,Bay Area Rapid Transit,-1,6.2.WARM:0;1;2;3;4;5;6;7;8;9;10;11;12;13;14;15;16;18;19;20;21;22
1001024,1000050,1500332,metro,1,6.2,2,boarding_links,14.171410883375088,1,999999,2,0,4.285714285714286,999999,0.15,4,0,"LINESTRING (-122.295244 37.804823, -122.295144 37.804923)",w_metro_only;w_bus_metro;d_metro_only;d_bus_metro,Bay Area Rapid Transit,-1,6.2.WOAK:0;1;2;3;4;5;6;7;8;9;10;11;12;13;14;15;16;18;19;20;21;22
1001025,1500332,1000050,metro,1,6.2,2,boarding_links,14.171410883375088,1,999999,2,0,1,999999,0.15,4,0,"LINESTRING (-122.295244 37.804823, -122.295144 37.804923)",w_metro_only;w_bus_metro;d_metro_only;d_bus_metro,Bay Area Rapid Transit,-1,6.2.WOAK:0;1;2;3;4;5;6;7;8;9;10;11;12;13;14;15;16;18;19;20;21;22
1001026,1000001,1500333,metro,1,7.1,2,boarding_links,14.171517966800247,1,999999,2,0,4.285714285714286,999999,0.15,4,0,"LINESTRING (-122.27168900000001 37.803371, -122.271589 37.803471)",w_metro_only;w_bus_metro;d_metro_only;d_bus_metro,Bay Area Rapid Transit,-1,7.1.12TH:0;1;2;3;4;5;6;7;8;9;10;11;12;13;14;15;16;17;18;19;20;21;22;23;24
1001027,1500333,1000001,metro,1,7.1,2,boarding_links,14.171517966800247,1,999999,2,0,1,999999,0.15,4,0,"LINESTRING (-122.27168900000001 37.803371, -122.271589 37.803471)",w_metro_only;w_bus_metro;d_metro_only;d_bus_metro,Bay Area Rapid Transit,-1,7.1.12TH:0;1;2;3;4;5;6;7;8;9;10;11;12;13;14;15;16;17;18;19;20;21;22;23;24
1001028,1000002,1500334,metro,1,7.1,2,boarding_links,14.174341385964397,1,999999,2,0,4.285714285714286,999999,0.15,4,0,"LINESTRING (-122.419855 37.76507599999999, -122.419755 37.765176)",w_metro_only;w_bus_metro;d_metro_only;d_bus_metro,Bay Area Rapid Transit,-1,7.1.16TH:0;1;2;3;4;5;6;7;8;9;10;11;12;13;14;15;16;17;18;19;20;21;22;23;24
1001029,1500334,1000002,metro,1,7.1,2,boarding_links,14.174341385964397,1,999999,2,0,1,999999,0.15,4,0,"LINESTRING (-122.419855 37.76507599999999, -122.419755 37.765176)",w_metro_only;w_bus_metro;d_metro_only;d_bus_metro,Bay Area Rapid Transit,-1,7.1.16TH:0;1;2;3;4;5;6;7;8;9;10;11;12;13;14;15;16;17;18;19;20;21;22;23;24
1001030,1000003,1500335,metro,1,7.1,2,boarding_links,14.171179525510963,1,999999,2,0,4.285714285714286,999999,0.15,4,0,"LINESTRING (-122.268822 37.807959999999994, -122.268722 37.80806)",w_metro_only;w_bus_metro;d_metro_only;d_bus_metro,Bay Area Rapid Transit,-1,7.1.19TH:0;1;2;3;4;5;6;7;8;9;10;11;12;13;14;15;16;17;18;19;20;21;22;23;24
1001031,1500335,1000003,metro,1,7.1,2,boarding_links,14.171179525510963,1,999999,2,0,1,999999,0.15,4,0,"LINESTRING (-122.268822 37.807959999999994, -122.268722 37.80806)",w_metro_only;w_bus_metro;d_metro_only;d_bus_metro,Bay Area Rapid Transit,-1,7.1.19TH:0;1;2;3;4;5;6;7;8;9;10;11;12;13;14;15;16;17;18;19;20;21;22;23;24
1001032,1000004,1500336,metro,1,7.1,2,boarding_links,14.175281373962715,1,999999,2,0,4.285714285714286,999999,0.15,4,0,"LINESTRING (-122.41861800000001 37.752322, -122.418518 37.752422)",w_metro_only;w_bus_metro;d_metro_only;d_bus_metro,Bay Area Rapid Transit,-1,7.1.24TH:0;1;2;3;4;5;6;7;8;9;10;11;12;13;14;15;16;17;18;19;20;21;22;23;24
1001033,1500336,1000004,metro,1,7.1,2,boarding_links,14.175281373962715,1,999999,2,0,1,999999,0.15,4,0,"LINESTRING (-122.41861800000001 37.752322, -122.418518 37.752422)",w_metro_only;w_bus_metro;d_metro_only;d_bus_metro,Bay Area Rapid Transit,-1,7.1.24TH:0;1;2;3;4;5;6;7;8;9;10;11;12;13;14;15;16;17;18;19;20;21;22;23;24
1001034,1000006,1500337,metro,1,7.1,2,boarding_links,14.167858922577459,1,999999,2,0,4.285714285714286,999999,0.15,4,0,"LINESTRING (-122.26985 37.852968999999995, -122.26975 37.853069)",w_metro_only;w_bus_metro;d_metro_only;d_bus_metro,Bay Area Rapid Transit,-1,7.1.ASHB:0;1;2;3;4;5;6;7;8;9;10;11;12;13;14;15;16;17;18;19;20;21;22;23;24
1001035,1500337,1000006,metro,1,7.1,2,boarding_links,14.167858922577459,1,999999,2,0,1,999999,0.15,4,0,"LINESTRING (-122.26985 37.852968999999995, -122.26975 37.853069)",w_metro_only;w_bus_metro;d_metro_only;d_bus_metro,Bay Area Rapid Transit,-1,7.1.ASHB:0;1;2;3;4;5;6;7;8;9;10;11;12;13;14;15;16;17;18;19;20;21;22;23;24
1001036,1000007,1500338,metro,1,7.1,2,boarding_links,14.177540656470589,1,999999,2,0,4.285714285714286,999999,0.15,4,0,"LINESTRING (-122.44761 37.721658, -122.44751 37.721758)",w_metro_only;w_bus_metro;d_metro_only;d_bus_metro,Bay Area Rapid Transit,-1,7.1.BALB:0;1;2;3;4;5;6;7;8;9;10;11;12;13;14;15;16;17;18;19;20;21;22;23;24
1001037,1500338,1000007,metro,1,7.1,2,boarding_links,14.177540656470589,1,999999,2,0,1,999999,0.15,4,0,"LINESTRING (-122.44761 37.721658, -122.44751 37.721758)",w_metro_only;w_bus_metro;d_metro_only;d_bus_metro,Bay Area Rapid Transit,-1,7.1.BALB:0;1;2;3;4;5;6;7;8;9;10;11;12;13;14;15;16;17;18;19;20;21;22;23;24
1001038,1000011,1500339,metro,1,7.1,2,boarding_links,14.173289169793485,1,999999,2,0,4.285714285714286,999999,0.15,4,0,"LINESTRING (-122.413979 37.779349999999994, -122.413879 37.77945)",w_metro_only;w_bus_metro;d_metro_only;d_bus_metro,Bay Area Rapid Transit,-1,7.1.CIVC:0;1;2;3;4;5;6;7;8;9;10;11;12;13;14;15;16;17;18;19;20;21;22;23;24
1001039,1500339,1000011,metro,1,7.1,2,boarding_links,14.173289169793485,1,999999,2,0,1,999999,0.15,4,0,"LINESTRING (-122.413979 37.779349999999994, -122.413879 37.77945)",w_metro_only;w_bus_metro;d_metro_only;d_bus_metro,Bay Area Rapid Transit,-1,7.1.CIVC:0;1;2;3;4;5;6;7;8;9;10;11;12;13;14;15;16;17;18;19;20;21;22;23;24
1001040,1000012,1500340,metro,1,7.1,2,boarding_links,14.18027399222093,1,999999,2,0,4.285714285714286,999999,0.15,4,0,"LINESTRING (-122.466267 37.68454199999999, -122.466167 37.684642)",w_metro_only;w_bus_metro;d_metro_only;d_bus_metro,Bay Area Rapid Transit,-1,7.1.COLM:0;1;2;3;4;5;6;7;8;9;10;11;12;13;14;15;16;17;18;19;20;21;22;23;24
1001041,1500340,1000012,metro,1,7.1,2,boarding_links,14.18027399222093,1,999999,2,0,1,999999,0.15,4,0,"LINESTRING (-122.466267 37.68454199999999, -122.466167 37.684642)",w_metro_only;w_bus_metro;d_metro_only;d_bus_metro,Bay Area Rapid Transit,-1,7.1.COLM:0;1;2;3;4;5;6;7;8;9;10;11;12;13;14;15;16;17;18;19;20;21;22;23;24
1001042,1000015,1500341,metro,1,7.1,2,boarding_links,14.178678912330763,1,999999,2,0,4.285714285714286,999999,0.15,4,0,"LINESTRING (-122.469094 37.706204, -122.468994 37.706304)",w_metro_only;w_bus_metro;d_metro_only;d_bus_metro,Bay Area Rapid Transit,-1,7.1.DALY:0;1;2;3;4;5;6;7;8;9;10;11;12;13;14;15;16;17;18;19;20;21;22;23;24
1001043,1500341,1000015,metro,1,7.1,2,boarding_links,14.178678912330763,1,999999,2,0,1,999999,0.15,4,0,"LINESTRING (-122.469094 37.706204, -122.468994 37.706304)",w_metro_only;w_bus_metro;d_metro_only;d_bus_metro,Bay Area Rapid Transit,-1,7.1.DALY:0;1;2;3;4;5;6;7;8;9;10;11;12;13;14;15;16;17;18;19;20;21;22;23;24
1001044,1000016,1500342,metro,1,7.1,2,boarding_links,14.166600631247906,1,999999,2,0,4.285714285714286,999999,0.15,4,0,"LINESTRING (-122.268178 37.870017, -122.268078 37.870117)",w_metro_only;w_bus_metro;d_metro_only;d_bus_metro,Bay Area Rapid Transit,-1,7.1.DBRK:0;1;2;3;4;5;6;7;8;9;10;11;12;13;14;15;16;17;18;19;20;21;22;23;24
1001045,1500342,1000016,metro,1,7.1,2,boarding_links,14.166600631247906,1,999999,2,0,1,999999,0.15,4,0,"LINESTRING (-122.268178 37.870017, -122.268078 37.870117)",w_metro_only;w_bus_metro;d_metro_only;d_bus_metro,Bay Area Rapid Transit,-1,7.1.DBRK:0;1;2;3;4;5;6;7;8;9;10;11;12;13;14;15;16;17;18;19;20;21;22;23;24
1001046,1000017,1500343,metro,1,7.1,2,boarding_links,14.16253259203408,1,999999,2,0,4.285714285714286,999999,0.15,4,0,"LINESTRING (-122.316968 37.925104999999995, -122.316868 37.925205)",w_metro_only;w_bus_metro;d_metro_only;d_bus_metro,Bay Area Rapid Transit,-1,7.1.DELN:0;1;2;3;4;5;6;7;8;9;10;11;12;13;14;15;16;17;18;19;20;21;22;23;24
1001047,1500343,1000017,metro,1,7.1,2,boarding_links,14.16253259203408,1,999999,2,0,1,999999,0.15,4,0,"LINESTRING (-122.316968 37.925104999999995, -122.316868 37.925205)",w_metro_only;w_bus_metro;d_metro_only;d_bus_metro,Bay Area Rapid Transit,-1,7.1.DELN:0;1;2;3;4;5;6;7;8;9;10;11;12;13;14;15;16;17;18;19;20;21;22;23;24
1001048,1000019,1500344,metro,1,7.1,2,boarding_links,14.172305685013235,1,999999,2,0,4.285714285714286,999999,0.15,4,0,"LINESTRING (-122.39718 37.792688999999996, -122.39708 37.792789)",w_metro_only;w_bus_metro;d_metro_only;d_bus_metro,Bay Area Rapid Transit,-1,7.1.EMBR:0;1;2;3;4;5;6;7;8;9;10;11;12;13;14;15;16;17;18;19;20;21;22;23;24
1001049,1500344,1000019,metro,1,7.1,2,boarding_links,14.172305685013235,1,999999,2,0,1,999999,0.15,4,0,"LINESTRING (-122.39718 37.792688999999996, -122.39708 37.792789)",w_metro_only;w_bus_metro;d_metro_only;d_bus_metro,Bay Area Rapid Transit,-1,7.1.EMBR:0;1;2;3;4;5;6;7;8;9;10;11;12;13;14;15;16;17;18;19;20;21;22;23;24
1001050,1000022,1500345,metro,1,7.1,2,boarding_links,14.176692657066226,1,999999,2,0,4.285714285714286,999999,0.15,4,0,"LINESTRING (-122.433657 37.733169, -122.433557 37.733269)",w_metro_only;w_bus_metro;d_metro_only;d_bus_metro,Bay Area Rapid Transit,-1,7.1.GLEN:0;1;2;3;4;5;6;7;8;9;10;11;12;13;14;15;16;17;18;19;20;21;22;23;24
1001051,1500345,1000022,metro,1,7.1,2,boarding_links,14.176692657066226,1,999999,2,0,1,999999,0.15,4,0,"LINESTRING (-122.433657 37.733169, -122.433557 37.733269)",w_metro_only;w_bus_metro;d_metro_only;d_bus_metro,Bay Area Rapid Transit,-1,7.1.GLEN:0;1;2;3;4;5;6;7;8;9;10;11;12;13;14;15;16;17;18;19;20;21;22;23;24
1001052,1000026,1500346,metro,1,7.1,2,boarding_links,14.169648632053223,1,999999,2,0,4.285714285714286,999999,0.15,4,0,"LINESTRING (-122.267263 37.828714, -122.267163 37.828814)",w_metro_only;w_bus_metro;d_metro_only;d_bus_metro,Bay Area Rapid Transit,-1,7.1.MCAR:0;1;2;3;4;5;6;7;8;9;10;11;12;13;14;15;16;17;18;19;20;21;22;23;24
1001053,1500346,1000026,metro,1,7.1,2,boarding_links,14.169648632053223,1,999999,2,0,1,999999,0.15,4,0,"LINESTRING (-122.267263 37.828714, -122.267163 37.828814)",w_metro_only;w_bus_metro;d_metro_only;d_bus_metro,Bay Area Rapid Transit,-1,7.1.MCAR:0;1;2;3;4;5;6;7;8;9;10;11;12;13;14;15;16;17;18;19;20;21;22;23;24
1001054,1000027,1500347,metro,1,7.1,2,boarding_links,14.186487221878602,1,999999,2,0,4.285714285714286,999999,0.15,4,0,"LINESTRING (-122.38694000000001 37.600099, -122.38684 37.600199)",w_metro_only;w_bus_metro;d_metro_only;d_bus_metro,Bay Area Rapid Transit,-1,7.1.MLBR:0;1;2;3;4;5;6;7;8;9;10;11;12;13;14;15;16;17;18;19;20;21;22;23;24
1001055,1500347,1000027,metro,1,7.1,2,boarding_links,14.186487221878602,1,999999,2,0,1,999999,0.15,4,0,"LINESTRING (-122.38694000000001 37.600099, -122.38684 37.600199)",w_metro_only;w_bus_metro;d_metro_only;d_bus_metro,Bay Area Rapid Transit,-1,7.1.MLBR:0;1;2;3;4;5;6;7;8;9;10;11;12;13;14;15;16;17;18;19;20;21;22;23;24
1001056,1000029,1500348,metro,1,7.1,2,boarding_links,14.172569361829053,1,999999,2,0,4.285714285714286,999999,0.15,4,0,"LINESTRING (-122.401742 37.78911299999999, -122.401642 37.789213)",w_metro_only;w_bus_metro;d_metro_only;d_bus_metro,Bay Area Rapid Transit,-1,7.1.MONT:0;1;2;3;4;5;6;7;8;9;10;11;12;13;14;15;16;17;18;19;20;21;22;23;24
1001057,1500348,1000029,metro,1,7.1,2,boarding_links,14.172569361829053,1,999999,2,0,1,999999,0.15,4,0,"LINESTRING (-122.401742 37.78911299999999, -122.401642 37.789213)",w_metro_only;w_bus_metro;d_metro_only;d_bus_metro,Bay Area Rapid Transit,-1,7.1.MONT:0;1;2;3;4;5;6;7;8;9;10;11;12;13;14;15;16;17;18;19;20;21;22;23;24
1001058,1000030,1500349,metro,1,7.1,2,boarding_links,14.166311627377036,1,999999,2,0,4.285714285714286,999999,0.15,4,0,"LINESTRING (-122.283608 37.873931999999996, -122.283508 37.874032)",w_metro_only;w_bus_metro;d_metro_only;d_bus_metro,Bay Area Rapid Transit,-1,7.1.NBRK:0;1;2;3;4;5;6;7;8;9;10;11;12;13;14;15;16;17;18;19;20;21;22;23;24
1001059,1500349,1000030,metro,1,7.1,2,boarding_links,14.166311627377036,1,999999,2,0,1,999999,0.15,4,0,"LINESTRING (-122.283608 37.873931999999996, -122.283508 37.874032)",w_metro_only;w_bus_metro;d_metro_only;d_bus_metro,Bay Area Rapid Transit,-1,7.1.NBRK:0;1;2;3;4;5;6;7;8;9;10;11;12;13;14;15;16;17;18;19;20;21;22;23;24
1001060,1000037,1500350,metro,1,7.1,2,boarding_links,14.164199829044088,1,999999,2,0,4.285714285714286,999999,0.15,4,0,"LINESTRING (-122.298995 37.902533, -122.298895 37.902633)",w_metro_only;w_bus_metro;d_metro_only;d_bus_metro,Bay Area Rapid Transit,-1,7.1.PLZA:0;1;2;3;4;5;6;7;8;9;10;11;12;13;14;15;16;17;18;19;20;21;22;23;24
1001061,1500350,1000037,metro,1,7.1,2,boarding_links,14.164199829044088,1,999999,2,0,1,999999,0.15,4,0,"LINESTRING (-122.298995 37.902533, -122.298895 37.902633)",w_metro_only;w_bus_metro;d_metro_only;d_bus_metro,Bay Area Rapid Transit,-1,7.1.PLZA:0;1;2;3;4;5;6;7;8;9;10;11;12;13;14;15;16;17;18;19;20;21;22;23;24
1001062,1000038,1500351,metro,1,7.1,2,boarding_links,14.172906164444168,1,999999,2,0,4.285714285714286,999999,0.15,4,0,"LINESTRING (-122.407487 37.784544999999994, -122.407387 37.784645)",w_metro_only;w_bus_metro;d_metro_only;d_bus_metro,Bay Area Rapid Transit,-1,7.1.POWL:0;1;2;3;4;5;6;7;8;9;10;11;12;13;14;15;16;17;18;19;20;21;22;23;24
1001063,1500351,1000038,metro,1,7.1,2,boarding_links,14.172906164444168,1,999999,2,0,1,999999,0.15,4,0,"LINESTRING (-122.407487 37.784544999999994, -122.407387 37.784645)",w_metro_only;w_bus_metro;d_metro_only;d_bus_metro,Bay Area Rapid Transit,-1,7.1.POWL:0;1;2;3;4;5;6;7;8;9;10;11;12;13;14;15;16;17;18;19;20;21;22;23;24
1001064,1000039,1500352,metro,1,7.1,2,boarding_links,14.161676314117745,1,999999,2,0,4.285714285714286,999999,0.15,4,0,"LINESTRING (-122.353104 37.93669499999999, -122.353004 37.936795)",w_metro_only;w_bus_metro;d_metro_only;d_bus_metro,Bay Area Rapid Transit,-1,7.1.RICH:0;1;2;3;4;5;6;7;8;9;10;11;12;13;14;15;16;17;18;19;20;21;22;23;24
1001065,1500352,1000039,metro,1,7.1,2,boarding_links,14.161676314117745,1,999999,2,0,1,999999,0.15,4,0,"LINESTRING (-122.353104 37.93669499999999, -122.353004 37.936795)",w_metro_only;w_bus_metro;d_metro_only;d_bus_metro,Bay Area Rapid Transit,-1,7.1.RICH:0;1;2;3;4;5;6;7;8;9;10;11;12;13;14;15;16;17;18;19;20;21;22;23;24
1001066,1000042,1500353,metro,1,7.1,2,boarding_links,14.183727394925766,1,999999,2,0,4.285714285714286,999999,0.15,4,0,"LINESTRING (-122.416484 37.63762, -122.416384 37.63772)",w_metro_only;w_bus_metro;d_metro_only;d_bus_metro,Bay Area Rapid Transit,-1,7.1.SBRN:0;1;2;3;4;5;6;7;8;9;10;11;12;13;14;15;16;17;18;19;20;21;22;23;24
1001067,1500353,1000042,metro,1,7.1,2,boarding_links,14.183727394925766,1,999999,2,0,1,999999,0.15,4,0,"LINESTRING (-122.416484 37.63762, -122.416384 37.63772)",w_metro_only;w_bus_metro;d_metro_only;d_bus_metro,Bay Area Rapid Transit,-1,7.1.SBRN:0;1;2;3;4;5;6;7;8;9;10;11;12;13;14;15;16;17;18;19;20;21;22;23;24
1001068,1000043,1500354,metro,1,7.1,2,boarding_links,14.185323481924433,1,999999,2,0,4.285714285714286,999999,0.15,4,0,"LINESTRING (-122.39199500000001 37.615922999999995, -122.391895 37.616023)",w_metro_only;w_bus_metro;d_metro_only;d_bus_metro,Bay Area Rapid Transit,-1,7.1.SFIA:0;1;2;3;4;5;6;7;8;9;10;11;12;13;14;15;16;17;18;19;20;21;22;23;24
1001069,1500354,1000043,metro,1,7.1,2,boarding_links,14.185323481924433,1,999999,2,0,1,999999,0.15,4,0,"LINESTRING (-122.39199500000001 37.615922999999995, -122.391895 37.616023)",w_metro_only;w_bus_metro;d_metro_only;d_bus_metro,Bay Area Rapid Transit,-1,7.1.SFIA:0;1;2;3;4;5;6;7;8;9;10;11;12;13;14;15;16;17;18;19;20;21;22;23;24
1001070,1000045,1500355,metro,1,7.1,2,boarding_links,14.181761340589789,1,999999,2,0,4.285714285714286,999999,0.15,4,0,"LINESTRING (-122.444354 37.664336999999996, -122.444254 37.664437)",w_metro_only;w_bus_metro;d_metro_only;d_bus_metro,Bay Area Rapid Transit,-1,7.1.SSAN:0;1;2;3;4;5;6;7;8;9;10;11;12;13;14;15;16;17;18;19;20;21;22;23;24
1001071,1500355,1000045,metro,1,7.1,2,boarding_links,14.181761340589789,1,999999,2,0,1,999999,0.15,4,0,"LINESTRING (-122.444354 37.664336999999996, -122.444254 37.664437)",w_metro_only;w_bus_metro;d_metro_only;d_bus_metro,Bay Area Rapid Transit,-1,7.1.SSAN:0;1;2;3;4;5;6;7;8;9;10;11;12;13;14;15;16;17;18;19;20;21;22;23;24
1001072,1000050,1500356,metro,1,7.1,2,boarding_links,14.171410883375088,1,999999,2,0,4.285714285714286,999999,0.15,4,0,"LINESTRING (-122.295244 37.804823, -122.295144 37.804923)",w_metro_only;w_bus_metro;d_metro_only;d_bus_metro,Bay Area Rapid Transit,-1,7.1.WOAK:0;1;2;3;4;5;6;7;8;9;10;11;12;13;14;15;16;17;18;19;20;21;22;23;24
1001073,1500356,1000050,metro,1,7.1,2,boarding_links,14.171410883375088,1,999999,2,0,1,999999,0.15,4,0,"LINESTRING (-122.295244 37.804823, -122.295144 37.804923)",w_metro_only;w_bus_metro;d_metro_only;d_bus_metro,Bay Area Rapid Transit,-1,7.1.WOAK:0;1;2;3;4;5;6;7;8;9;10;11;12;13;14;15;16;17;18;19;20;21;22;23;24
1001074,1000001,1500357,metro,1,8.2,2,boarding_links,14.171517966800247,1,999999,2,0,5,999999,0.15,4,0,"LINESTRING (-122.27168900000001 37.803371, -122.271589 37.803471)",w_metro_only;w_bus_metro;d_metro_only;d_bus_metro,Bay Area Rapid Transit,-1,8.2.12TH:0;1;2;3;4;5;6;7;8;9;10;11;12;13;14;15;16;17;18;19;20;21;22;23;24
1001075,1500357,1000001,metro,1,8.2,2,boarding_links,14.171517966800247,1,999999,2,0,1,999999,0.15,4,0,"LINESTRING (-122.27168900000001 37.803371, -122.271589 37.803471)",w_metro_only;w_bus_metro;d_metro_only;d_bus_metro,Bay Area Rapid Transit,-1,8.2.12TH:0;1;2;3;4;5;6;7;8;9;10;11;12;13;14;15;16;17;18;19;20;21;22;23;24
1001076,1000002,1500358,metro,1,8.2,2,boarding_links,14.174341385964397,1,999999,2,0,5,999999,0.15,4,0,"LINESTRING (-122.419855 37.76507599999999, -122.419755 37.765176)",w_metro_only;w_bus_metro;d_metro_only;d_bus_metro,Bay Area Rapid Transit,-1,8.2.16TH:0;1;2;3;4;5;6;7;8;9;10;11;12;13;14;15;16;17;18;19;20;21;22;23;24
1001077,1500358,1000002,metro,1,8.2,2,boarding_links,14.174341385964397,1,999999,2,0,1,999999,0.15,4,0,"LINESTRING (-122.419855 37.76507599999999, -122.419755 37.765176)",w_metro_only;w_bus_metro;d_metro_only;d_bus_metro,Bay Area Rapid Transit,-1,8.2.16TH:0;1;2;3;4;5;6;7;8;9;10;11;12;13;14;15;16;17;18;19;20;21;22;23;24
1001078,1000003,1500359,metro,1,8.2,2,boarding_links,14.171179525510963,1,999999,2,0,5,999999,0.15,4,0,"LINESTRING (-122.268822 37.807959999999994, -122.268722 37.80806)",w_metro_only;w_bus_metro;d_metro_only;d_bus_metro,Bay Area Rapid Transit,-1,8.2.19TH:0;1;2;3;4;5;6;7;8;9;10;11;12;13;14;15;16;17;18;19;20;21;22;23;24
1001079,1500359,1000003,metro,1,8.2,2,boarding_links,14.171179525510963,1,999999,2,0,1,999999,0.15,4,0,"LINESTRING (-122.268822 37.807959999999994, -122.268722 37.80806)",w_metro_only;w_bus_metro;d_metro_only;d_bus_metro,Bay Area Rapid Transit,-1,8.2.19TH:0;1;2;3;4;5;6;7;8;9;10;11;12;13;14;15;16;17;18;19;20;21;22;23;24
1001080,1000004,1500360,metro,1,8.2,2,boarding_links,14.175281373962715,1,999999,2,0,5,999999,0.15,4,0,"LINESTRING (-122.41861800000001 37.752322, -122.418518 37.752422)",w_metro_only;w_bus_metro;d_metro_only;d_bus_metro,Bay Area Rapid Transit,-1,8.2.24TH:0;1;2;3;4;5;6;7;8;9;10;11;12;13;14;15;16;17;18;19;20;21;22;23;24
1001081,1500360,1000004,metro,1,8.2,2,boarding_links,14.175281373962715,1,999999,2,0,1,999999,0.15,4,0,"LINESTRING (-122.41861800000001 37.752322, -122.418518 37.752422)",w_metro_only;w_bus_metro;d_metro_only;d_bus_metro,Bay Area Rapid Transit,-1,8.2.24TH:0;1;2;3;4;5;6;7;8;9;10;11;12;13;14;15;16;17;18;19;20;21;22;23;24
1001082,1000006,1500361,metro,1,8.2,2,boarding_links,14.167858922577459,1,999999,2,0,5,999999,0.15,4,0,"LINESTRING (-122.26985 37.852968999999995, -122.26975 37.853069)",w_metro_only;w_bus_metro;d_metro_only;d_bus_metro,Bay Area Rapid Transit,-1,8.2.ASHB:0;1;2;3;4;5;6;7;8;9;10;11;12;13;14;15;16;17;18;19;20;21;22;23;24
1001083,1500361,1000006,metro,1,8.2,2,boarding_links,14.167858922577459,1,999999,2,0,1,999999,0.15,4,0,"LINESTRING (-122.26985 37.852968999999995, -122.26975 37.853069)",w_metro_only;w_bus_metro;d_metro_only;d_bus_metro,Bay Area Rapid Transit,-1,8.2.ASHB:0;1;2;3;4;5;6;7;8;9;10;11;12;13;14;15;16;17;18;19;20;21;22;23;24
1001084,1000007,1500362,metro,1,8.2,2,boarding_links,14.177540656470589,1,999999,2,0,5,999999,0.15,4,0,"LINESTRING (-122.44761 37.721658, -122.44751 37.721758)",w_metro_only;w_bus_metro;d_metro_only;d_bus_metro,Bay Area Rapid Transit,-1,8.2.BALB:0;1;2;3;4;5;6;7;8;9;10;11;12;13;14;15;16;17;18;19;20;21;22;23;24
1001085,1500362,1000007,metro,1,8.2,2,boarding_links,14.177540656470589,1,999999,2,0,1,999999,0.15,4,0,"LINESTRING (-122.44761 37.721658, -122.44751 37.721758)",w_metro_only;w_bus_metro;d_metro_only;d_bus_metro,Bay Area Rapid Transit,-1,8.2.BALB:0;1;2;3;4;5;6;7;8;9;10;11;12;13;14;15;16;17;18;19;20;21;22;23;24
1001086,1000011,1500363,metro,1,8.2,2,boarding_links,14.173289169793485,1,999999,2,0,5,999999,0.15,4,0,"LINESTRING (-122.413979 37.779349999999994, -122.413879 37.77945)",w_metro_only;w_bus_metro;d_metro_only;d_bus_metro,Bay Area Rapid Transit,-1,8.2.CIVC:0;1;2;3;4;5;6;7;8;9;10;11;12;13;14;15;16;17;18;19;20;21;22;23;24
1001087,1500363,1000011,metro,1,8.2,2,boarding_links,14.173289169793485,1,999999,2,0,1,999999,0.15,4,0,"LINESTRING (-122.413979 37.779349999999994, -122.413879 37.77945)",w_metro_only;w_bus_metro;d_metro_only;d_bus_metro,Bay Area Rapid Transit,-1,8.2.CIVC:0;1;2;3;4;5;6;7;8;9;10;11;12;13;14;15;16;17;18;19;20;21;22;23;24
1001088,1000012,1500364,metro,1,8.2,2,boarding_links,14.18027399222093,1,999999,2,0,5,999999,0.15,4,0,"LINESTRING (-122.466267 37.68454199999999, -122.466167 37.684642)",w_metro_only;w_bus_metro;d_metro_only;d_bus_metro,Bay Area Rapid Transit,-1,8.2.COLM:0;1;2;3;4;5;6;7;8;9;10;11;12;13;14;15;16;17;18;19;20;21;22;23;24
1001089,1500364,1000012,metro,1,8.2,2,boarding_links,14.18027399222093,1,999999,2,0,1,999999,0.15,4,0,"LINESTRING (-122.466267 37.68454199999999, -122.466167 37.684642)",w_metro_only;w_bus_metro;d_metro_only;d_bus_metro,Bay Area Rapid Transit,-1,8.2.COLM:0;1;2;3;4;5;6;7;8;9;10;11;12;13;14;15;16;17;18;19;20;21;22;23;24
1001090,1000015,1500365,metro,1,8.2,2,boarding_links,14.178678912330763,1,999999,2,0,5,999999,0.15,4,0,"LINESTRING (-122.469094 37.706204, -122.468994 37.706304)",w_metro_only;w_bus_metro;d_metro_only;d_bus_metro,Bay Area Rapid Transit,-1,8.2.DALY:0;1;2;3;4;5;6;7;8;9;10;11;12;13;14;15;16;17;18;19;20;21;22;23;24
1001091,1500365,1000015,metro,1,8.2,2,boarding_links,14.178678912330763,1,999999,2,0,1,999999,0.15,4,0,"LINESTRING (-122.469094 37.706204, -122.468994 37.706304)",w_metro_only;w_bus_metro;d_metro_only;d_bus_metro,Bay Area Rapid Transit,-1,8.2.DALY:0;1;2;3;4;5;6;7;8;9;10;11;12;13;14;15;16;17;18;19;20;21;22;23;24
1001092,1000016,1500366,metro,1,8.2,2,boarding_links,14.166600631247906,1,999999,2,0,5,999999,0.15,4,0,"LINESTRING (-122.268178 37.870017, -122.268078 37.870117)",w_metro_only;w_bus_metro;d_metro_only;d_bus_metro,Bay Area Rapid Transit,-1,8.2.DBRK:0;1;2;3;4;5;6;7;8;9;10;11;12;13;14;15;16;17;18;19;20;21;22;23;24
1001093,1500366,1000016,metro,1,8.2,2,boarding_links,14.166600631247906,1,999999,2,0,1,999999,0.15,4,0,"LINESTRING (-122.268178 37.870017, -122.268078 37.870117)",w_metro_only;w_bus_metro;d_metro_only;d_bus_metro,Bay Area Rapid Transit,-1,8.2.DBRK:0;1;2;3;4;5;6;7;8;9;10;11;12;13;14;15;16;17;18;19;20;21;22;23;24
1001094,1000017,1500367,metro,1,8.2,2,boarding_links,14.16253259203408,1,999999,2,0,5,999999,0.15,4,0,"LINESTRING (-122.316968 37.925104999999995, -122.316868 37.925205)",w_metro_only;w_bus_metro;d_metro_only;d_bus_metro,Bay Area Rapid Transit,-1,8.2.DELN:0;1;2;3;4;5;6;7;8;9;10;11;12;13;14;15;16;17;18;19;20;21;22;23;24
1001095,1500367,1000017,metro,1,8.2,2,boarding_links,14.16253259203408,1,999999,2,0,1,999999,0.15,4,0,"LINESTRING (-122.316968 37.925104999999995, -122.316868 37.925205)",w_metro_only;w_bus_metro;d_metro_only;d_bus_metro,Bay Area Rapid Transit,-1,8.2.DELN:0;1;2;3;4;5;6;7;8;9;10;11;12;13;14;15;16;17;18;19;20;21;22;23;24
1001096,1000019,1500368,metro,1,8.2,2,boarding_links,14.172305685013235,1,999999,2,0,5,999999,0.15,4,0,"LINESTRING (-122.39718 37.792688999999996, -122.39708 37.792789)",w_metro_only;w_bus_metro;d_metro_only;d_bus_metro,Bay Area Rapid Transit,-1,8.2.EMBR:0;1;2;3;4;5;6;7;8;9;10;11;12;13;14;15;16;17;18;19;20;21;22;23;24
1001097,1500368,1000019,metro,1,8.2,2,boarding_links,14.172305685013235,1,999999,2,0,1,999999,0.15,4,0,"LINESTRING (-122.39718 37.792688999999996, -122.39708 37.792789)",w_metro_only;w_bus_metro;d_metro_only;d_bus_metro,Bay Area Rapid Transit,-1,8.2.EMBR:0;1;2;3;4;5;6;7;8;9;10;11;12;13;14;15;16;17;18;19;20;21;22;23;24
1001098,1000022,1500369,metro,1,8.2,2,boarding_links,14.176692657066226,1,999999,2,0,5,999999,0.15,4,0,"LINESTRING (-122.433657 37.733169, -122.433557 37.733269)",w_metro_only;w_bus_metro;d_metro_only;d_bus_metro,Bay Area Rapid Transit,-1,8.2.GLEN:0;1;2;3;4;5;6;7;8;9;10;11;12;13;14;15;16;17;18;19;20;21;22;23;24
1001099,1500369,1000022,metro,1,8.2,2,boarding_links,14.176692657066226,1,999999,2,0,1,999999,0.15,4,0,"LINESTRING (-122.433657 37.733169, -122.433557 37.733269)",w_metro_only;w_bus_metro;d_metro_only;d_bus_metro,Bay Area Rapid Transit,-1,8.2.GLEN:0;1;2;3;4;5;6;7;8;9;10;11;12;13;14;15;16;17;18;19;20;21;22;23;24
1001100,1000026,1500370,metro,1,8.2,2,boarding_links,14.169648632053223,1,999999,2,0,5,999999,0.15,4,0,"LINESTRING (-122.267263 37.828714, -122.267163 37.828814)",w_metro_only;w_bus_metro;d_metro_only;d_bus_metro,Bay Area Rapid Transit,-1,8.2.MCAR:0;1;2;3;4;5;6;7;8;9;10;11;12;13;14;15;16;17;18;19;20;21;22;23;24
1001101,1500370,1000026,metro,1,8.2,2,boarding_links,14.169648632053223,1,999999,2,0,1,999999,0.15,4,0,"LINESTRING (-122.267263 37.828714, -122.267163 37.828814)",w_metro_only;w_bus_metro;d_metro_only;d_bus_metro,Bay Area Rapid Transit,-1,8.2.MCAR:0;1;2;3;4;5;6;7;8;9;10;11;12;13;14;15;16;17;18;19;20;21;22;23;24
1001102,1000027,1500371,metro,1,8.2,2,boarding_links,14.186487221878602,1,999999,2,0,5,999999,0.15,4,0,"LINESTRING (-122.38694000000001 37.600099, -122.38684 37.600199)",w_metro_only;w_bus_metro;d_metro_only;d_bus_metro,Bay Area Rapid Transit,-1,8.2.MLBR:0;1;2;3;4;5;6;7;8;9;10;11;12;13;14;15;16;17;18;19;20;21;22;23;24
1001103,1500371,1000027,metro,1,8.2,2,boarding_links,14.186487221878602,1,999999,2,0,1,999999,0.15,4,0,"LINESTRING (-122.38694000000001 37.600099, -122.38684 37.600199)",w_metro_only;w_bus_metro;d_metro_only;d_bus_metro,Bay Area Rapid Transit,-1,8.2.MLBR:0;1;2;3;4;5;6;7;8;9;10;11;12;13;14;15;16;17;18;19;20;21;22;23;24
1001104,1000029,1500372,metro,1,8.2,2,boarding_links,14.172569361829053,1,999999,2,0,5,999999,0.15,4,0,"LINESTRING (-122.401742 37.78911299999999, -122.401642 37.789213)",w_metro_only;w_bus_metro;d_metro_only;d_bus_metro,Bay Area Rapid Transit,-1,8.2.MONT:0;1;2;3;4;5;6;7;8;9;10;11;12;13;14;15;16;17;18;19;20;21;22;23;24
1001105,1500372,1000029,metro,1,8.2,2,boarding_links,14.172569361829053,1,999999,2,0,1,999999,0.15,4,0,"LINESTRING (-122.401742 37.78911299999999, -122.401642 37.789213)",w_metro_only;w_bus_metro;d_metro_only;d_bus_metro,Bay Area Rapid Transit,-1,8.2.MONT:0;1;2;3;4;5;6;7;8;9;10;11;12;13;14;15;16;17;18;19;20;21;22;23;24
1001106,1000030,1500373,metro,1,8.2,2,boarding_links,14.166311627377036,1,999999,2,0,5,999999,0.15,4,0,"LINESTRING (-122.283608 37.873931999999996, -122.283508 37.874032)",w_metro_only;w_bus_metro;d_metro_only;d_bus_metro,Bay Area Rapid Transit,-1,8.2.NBRK:0;1;2;3;4;5;6;7;8;9;10;11;12;13;14;15;16;17;18;19;20;21;22;23;24
1001107,1500373,1000030,metro,1,8.2,2,boarding_links,14.166311627377036,1,999999,2,0,1,999999,0.15,4,0,"LINESTRING (-122.283608 37.873931999999996, -122.283508 37.874032)",w_metro_only;w_bus_metro;d_metro_only;d_bus_metro,Bay Area Rapid Transit,-1,8.2.NBRK:0;1;2;3;4;5;6;7;8;9;10;11;12;13;14;15;16;17;18;19;20;21;22;23;24
1001108,1000037,1500374,metro,1,8.2,2,boarding_links,14.164199829044088,1,999999,2,0,5,999999,0.15,4,0,"LINESTRING (-122.298995 37.902533, -122.298895 37.902633)",w_metro_only;w_bus_metro;d_metro_only;d_bus_metro,Bay Area Rapid Transit,-1,8.2.PLZA:0;1;2;3;4;5;6;7;8;9;10;11;12;13;14;15;16;17;18;19;20;21;22;23;24
1001109,1500374,1000037,metro,1,8.2,2,boarding_links,14.164199829044088,1,999999,2,0,1,999999,0.15,4,0,"LINESTRING (-122.298995 37.902533, -122.298895 37.902633)",w_metro_only;w_bus_metro;d_metro_only;d_bus_metro,Bay Area Rapid Transit,-1,8.2.PLZA:0;1;2;3;4;5;6;7;8;9;10;11;12;13;14;15;16;17;18;19;20;21;22;23;24
1001110,1000038,1500375,metro,1,8.2,2,boarding_links,14.172906164444168,1,999999,2,0,5,999999,0.15,4,0,"LINESTRING (-122.407487 37.784544999999994, -122.407387 37.784645)",w_metro_only;w_bus_metro;d_metro_only;d_bus_metro,Bay Area Rapid Transit,-1,8.2.POWL:0;1;2;3;4;5;6;7;8;9;10;11;12;13;14;15;16;17;18;19;20;21;22;23;24
1001111,1500375,1000038,metro,1,8.2,2,boarding_links,14.172906164444168,1,999999,2,0,1,999999,0.15,4,0,"LINESTRING (-122.407487 37.784544999999994, -122.407387 37.784645)",w_metro_only;w_bus_metro;d_metro_only;d_bus_metro,Bay Area Rapid Transit,-1,8.2.POWL:0;1;2;3;4;5;6;7;8;9;10;11;12;13;14;15;16;17;18;19;20;21;22;23;24
1001112,1000039,1500376,metro,1,8.2,2,boarding_links,14.161676314117745,1,999999,2,0,5,999999,0.15,4,0,"LINESTRING (-122.353104 37.93669499999999, -122.353004 37.936795)",w_metro_only;w_bus_metro;d_metro_only;d_bus_metro,Bay Area Rapid Transit,-1,8.2.RICH:0;1;2;3;4;5;6;7;8;9;10;11;12;13;14;15;16;17;18;19;20;21;22;23;24
1001113,1500376,1000039,metro,1,8.2,2,boarding_links,14.161676314117745,1,999999,2,0,1,999999,0.15,4,0,"LINESTRING (-122.353104 37.93669499999999, -122.353004 37.936795)",w_metro_only;w_bus_metro;d_metro_only;d_bus_metro,Bay Area Rapid Transit,-1,8.2.RICH:0;1;2;3;4;5;6;7;8;9;10;11;12;13;14;15;16;17;18;19;20;21;22;23;24
1001114,1000042,1500377,metro,1,8.2,2,boarding_links,14.183727394925766,1,999999,2,0,5,999999,0.15,4,0,"LINESTRING (-122.416484 37.63762, -122.416384 37.63772)",w_metro_only;w_bus_metro;d_metro_only;d_bus_metro,Bay Area Rapid Transit,-1,8.2.SBRN:0;1;2;3;4;5;6;7;8;9;10;11;12;13;14;15;16;17;18;19;20;21;22;23;24
1001115,1500377,1000042,metro,1,8.2,2,boarding_links,14.183727394925766,1,999999,2,0,1,999999,0.15,4,0,"LINESTRING (-122.416484 37.63762, -122.416384 37.63772)",w_metro_only;w_bus_metro;d_metro_only;d_bus_metro,Bay Area Rapid Transit,-1,8.2.SBRN:0;1;2;3;4;5;6;7;8;9;10;11;12;13;14;15;16;17;18;19;20;21;22;23;24
1001116,1000043,1500378,metro,1,8.2,2,boarding_links,14.185323481924433,1,999999,2,0,5,999999,0.15,4,0,"LINESTRING (-122.39199500000001 37.615922999999995, -122.391895 37.616023)",w_metro_only;w_bus_metro;d_metro_only;d_bus_metro,Bay Area Rapid Transit,-1,8.2.SFIA:0;1;2;3;4;5;6;7;8;9;10;11;12;13;14;15;16;17;18;19;20;21;22;23;24
1001117,1500378,1000043,metro,1,8.2,2,boarding_links,14.185323481924433,1,999999,2,0,1,999999,0.15,4,0,"LINESTRING (-122.39199500000001 37.615922999999995, -122.391895 37.616023)",w_metro_only;w_bus_metro;d_metro_only;d_bus_metro,Bay Area Rapid Transit,-1,8.2.SFIA:0;1;2;3;4;5;6;7;8;9;10;11;12;13;14;15;16;17;18;19;20;21;22;23;24
1001118,1000045,1500379,metro,1,8.2,2,boarding_links,14.181761340589789,1,999999,2,0,5,999999,0.15,4,0,"LINESTRING (-122.444354 37.664336999999996, -122.444254 37.664437)",w_metro_only;w_bus_metro;d_metro_only;d_bus_metro,Bay Area Rapid Transit,-1,8.2.SSAN:0;1;2;3;4;5;6;7;8;9;10;11;12;13;14;15;16;17;18;19;20;21;22;23;24
1001119,1500379,1000045,metro,1,8.2,2,boarding_links,14.181761340589789,1,999999,2,0,1,999999,0.15,4,0,"LINESTRING (-122.444354 37.664336999999996, -122.444254 37.664437)",w_metro_only;w_bus_metro;d_metro_only;d_bus_metro,Bay Area Rapid Transit,-1,8.2.SSAN:0;1;2;3;4;5;6;7;8;9;10;11;12;13;14;15;16;17;18;19;20;21;22;23;24
1001120,1000050,1500380,metro,1,8.2,2,boarding_links,14.171410883375088,1,999999,2,0,5,999999,0.15,4,0,"LINESTRING (-122.295244 37.804823, -122.295144 37.804923)",w_metro_only;w_bus_metro;d_metro_only;d_bus_metro,Bay Area Rapid Transit,-1,8.2.WOAK:0;1;2;3;4;5;6;7;8;9;10;11;12;13;14;15;16;17;18;19;20;21;22;23;24
1001121,1500380,1000050,metro,1,8.2,2,boarding_links,14.171410883375088,1,999999,2,0,1,999999,0.15,4,0,"LINESTRING (-122.295244 37.804823, -122.295144 37.804923)",w_metro_only;w_bus_metro;d_metro_only;d_bus_metro,Bay Area Rapid Transit,-1,8.2.WOAK:0;1;2;3;4;5;6;7;8;9;10;11;12;13;14;15;16;17;18;19;20;21;22;23;24
1,47,1000035,,1,,0,access_links,349.78386614520764,1,999999,2,0,10.49351598,999999,0.15,4,0,"LINESTRING (-122.0541352 37.9256927, -122.056015 37.928463)",walk,,,
2,66,1000047,,1,,0,,368.4369853,1,999999,2,0,11.05310956,999999,0.15,4,0,"LINESTRING (-121.9388552 37.4990214, -121.939358 37.502307)",walk,,,
3,67,1000046,,1,,0,,655.1880566943728,1,999999,2,0,19.6556417,999999,0.15,4,0,"LINESTRING (-122.0108429 37.5937696, -122.01723 37.590765)",walk,,,
4,68,1000046,,1,,0,,387.3111912620373,1,999999,2,0,11.61933574,999999,0.15,4,0,"LINESTRING (-122.0142011 37.5882461, -122.01723 37.590765)",walk,,,
5,70,1000041,,1,,0,,930.4891353316137,1,999999,2,0,27.91467406,999999,0.15,4,0,"LINESTRING (-122.1508066 37.7247163, -122.160713 37.721806)",walk,,,
6,73,1000020,,1,,0,,517.8350775144338,1,999999,2,0,15.53505233,999999,0.15,4,0,"LINESTRING (-121.9723074 37.5543457, -121.976605 37.557513)",walk,,,
7,77,1000023,,1,,0,,707.2155074537948,1,999999,2,0,21.21646522,999999,0.15,4,0,"LINESTRING (-122.0945904 37.6678078, -122.086941 37.669731)",walk,,,
8,86,1000008,,1,,0,,951.4236313486042,1,999999,2,0,28.54270894,999999,0.15,4,0,"LINESTRING (-122.1226567 37.7049461, -122.126431 37.696938)",walk,,,
9,87,1000008,,1,,0,,323.9301840139538,1,999999,2,0,9.71790552,999999,0.15,4,0,"LINESTRING (-122.123894 37.6948314, -122.126431 37.696938)",walk,,,
10,88,1000023,,1,,0,,622.8755067102026,1,999999,2,0,18.6862652,999999,0.15,4,0,"LINESTRING (-122.087795 37.6641766, -122.086941 37.669731)",walk,,,
11,90,1000025,,1,,0,,562.5483247187724,1,999999,2,0,16.87644974,999999,0.15,4,0,"LINESTRING (-122.2651075 37.8024095, -122.265232 37.797357)",walk,,,
12,90,1000001,,1,,0,,582.2054759483067,1,999999,2,0,17.46616428,999999,0.15,4,0,"LINESTRING (-122.2651075 37.8024095, -122.271589 37.803471)",walk,,,
13,90,1000003,,1,,0,,704.7835342360034,1,999999,2,0,21.14350603,999999,0.15,4,0,"LINESTRING (-122.2651075 37.8024095, -122.268722 37.80806)",walk,,,
14,96,1000041,,1,,0,,269.96870667222186,1,999999,2,0,8.0990612,999999,0.15,4,0,"LINESTRING (-122.1576682 37.7215214, -122.160713 37.721806)",walk,,,
15,97,1000003,,1,,0,,797.2226649520788,1,999999,2,0,23.91667995,999999,0.15,4,0,"LINESTRING (-122.2597833 37.8092493, -122.268722 37.80806)",walk,,,
16,98,1000025,,1,,0,,421.63050078153555,1,999999,2,0,12.64891502,999999,0.15,4,0,"LINESTRING (-122.2667344 37.7937603, -122.265232 37.797357)",walk,,,
17,99,1000025,,1,,0,,173.0069192815873,1,999999,2,0,5.190207578,999999,0.15,4,0,"LINESTRING (-122.266955 37.7981065, -122.265232 37.797357)",walk,,,
18,99,1000001,,1,,0,,723.0175639440932,1,999999,2,0,21.69052692,999999,0.15,4,0,"LINESTRING (-122.266955 37.7981065, -122.271589 37.803471)",walk,,,
19,102,1000003,,1,,0,,242.8123074371376,1,999999,2,0,7.284369223,999999,0.15,4,0,"LINESTRING (-122.2707403 37.8095483, -122.268722 37.80806)",walk,,,
20,102,1000001,,1,,0,,680.6274862957747,1,999999,2,0,20.41882459,999999,0.15,4,0,"LINESTRING (-122.2707403 37.8095483, -122.271589 37.803471)",walk,,,
21,103,1000001,,1,,0,,431.08726865638823,1,999999,2,0,12.93261806,999999,0.15,4,0,"LINESTRING (-122.2735577 37.8070174, -122.271589 37.803471)",walk,,,
22,103,1000003,,1,,0,,440.8548698346279,1,999999,2,0,13.2256461,999999,0.15,4,0,"LINESTRING (-122.2735577 37.8070174, -122.268722 37.80806)",walk,,,
23,105,1000016,,1,,0,,213.75122204302005,1,999999,2,0,6.412536661,999999,0.15,4,0,"LINESTRING (-122.2698172 37.8687746, -122.268078 37.870117)",walk,,,
24,106,1000016,,1,,0,,487.3105681016051,1,999999,2,0,14.61931704,999999,0.15,4,0,"LINESTRING (-122.2678632 37.8657427, -122.268078 37.870117)",walk,,,
25,167,1000050,,1,,0,,990.3212901201225,1,999999,2,0,29.7096387,999999,0.15,4,0,"LINESTRING (-122.2953295 37.796028, -122.295144 37.804923)",walk,,,
26,231,1000042,,1,,0,,961.0736273233438,1,999999,2,0,28.83220882,999999,0.15,4,0,"LINESTRING (-122.4257253 37.6332687, -122.416384 37.63772)",walk,,,
27,248,1000027,,1,,0,,500.1297035589843,1,999999,2,0,15.00389111,999999,0.15,4,0,"LINESTRING (-122.3887434 37.6044311, -122.38684 37.600199)",walk,,,
28,249,1000027,,1,,0,,969.1058608291738,1,999999,2,0,29.07317582,999999,0.15,4,0,"LINESTRING (-122.3977958 37.5995339, -122.38684 37.600199)",walk,,,
29,392,1000045,,1,,0,,887.3504885481639,1,999999,2,0,26.62051466,999999,0.15,4,0,"LINESTRING (-122.4343717 37.6659681, -122.444254 37.664437)",walk,,,
30,496,1000011,,1,,0,,838.5757080790004,1,999999,2,0,25.15727124,999999,0.15,4,0,"LINESTRING (-122.4196803 37.785427, -122.413879 37.77945)",walk,,,
31,499,1000038,,1,,0,,491.66081415949446,1,999999,2,0,14.74982442,999999,0.15,4,0,"LINESTRING (-122.412097 37.7870222, -122.407387 37.784645)",walk,,,
32,499,1000011,,1,,0,,857.3894511,1,999999,2,0,25.72168353,999999,0.15,4,0,"LINESTRING (-122.412097 37.7870222, -122.413879 37.77945)",walk,,,
33,499,1000029,,1,,0,,951.5495338240696,1,999999,2,0,28.54648601,999999,0.15,4,0,"LINESTRING (-122.412097 37.7870222, -122.401642 37.789213)",walk,,,
34,501,1000038,,1,,0,,738.3314538657373,1,999999,2,0,22.14994362,999999,0.15,4,0,"LINESTRING (-122.4098067 37.7909959, -122.407387 37.784645)",walk,,,
35,501,1000029,,1,,0,,745.1771155040608,1,999999,2,0,22.35531347,999999,0.15,4,0,"LINESTRING (-122.4098067 37.7909959, -122.401642 37.789213)",walk,,,
36,515,1000042,,1,,0,,994.6588709029429,1,999999,2,0,29.83976613,999999,0.15,4,0,"LINESTRING (-122.4138753 37.6290085, -122.416384 37.63772)",walk,,,
37,529,1000015,,1,,0,,369.92289736750826,1,999999,2,0,11.09768692,999999,0.15,4,0,"LINESTRING (-122.4671356 37.7033239, -122.468994 37.706304)",walk,,,
38,532,1000015,,1,,0,,565.1457039760506,1,999999,2,0,16.95437112,999999,0.15,4,0,"LINESTRING (-122.4625775 37.7063626, -122.468994 37.706304)",walk,,,
39,547,1000012,,1,,0,,625.6460928593985,1,999999,2,0,18.76938279,999999,0.15,4,0,"LINESTRING (-122.4664094 37.690259, -122.466167 37.684642)",walk,,,
40,548,1000012,,1,,0,,193.6190814007942,1,999999,2,0,5.808572442,999999,0.15,4,0,"LINESTRING (-122.4646175 37.6858755, -122.466167 37.684642)",walk,,,
41,558,1000038,,1,,0,,620.5537957552041,1,999999,2,0,18.61661387,999999,0.15,4,0,"LINESTRING (-122.4011589 37.7820284, -122.407387 37.784645)",walk,,,
42,558,1000029,,1,,0,,800.9145039269142,1,999999,2,0,24.02743512,999999,0.15,4,0,"LINESTRING (-122.4011589 37.7820284, -122.401642 37.789213)",walk,,,
43,562,1000007,,1,,0,,864.8410490164575,1,999999,2,0,25.94523147,999999,0.15,4,0,"LINESTRING (-122.4573318 37.7217838, -122.44751 37.721758)",walk,,,
44,563,1000007,,1,,0,,508.14119758833505,1,999999,2,0,15.24423593,999999,0.15,4,0,"LINESTRING (-122.4523956 37.7193286, -122.44751 37.721758)",walk,,,
45,584,1000038,,1,,0,,465.03073026298847,1,999999,2,0,13.95092191,999999,0.15,4,0,"LINESTRING (-122.4125954 37.783933, -122.407387 37.784645)",walk,,,
46,584,1000011,,1,,0,,511.66399868715473,1,999999,2,0,15.34991996,999999,0.15,4,0,"LINESTRING (-122.4125954 37.783933, -122.413879 37.77945)",walk,,,
47,613,1000013,,1,,0,,592.1403483867557,1,999999,2,0,17.76421045,999999,0.15,4,0,"LINESTRING (-122.1969979 37.758918, -122.196698 37.753604)",walk,,,
48,614,1000013,,1,,0,,685.0449531965409,1,999999,2,0,20.5513486,999999,0.15,4,0,"LINESTRING (-122.1889463 37.7541581, -122.196698 37.753604)",walk,,,
49,655,1000037,,1,,0,,924.4277731219732,1,999999,2,0,27.73283319,999999,0.15,4,0,"LINESTRING (-122.2974489 37.8944075, -122.298895 37.902633)",walk,,,
50,660,1000030,,1,,0,,837.8972613917949,1,999999,2,0,25.13691784,999999,0.15,4,0,"LINESTRING (-122.2782006 37.8802854, -122.283508 37.874032)",walk,,,
51,661,1000030,,1,,0,,808.2962298969915,1,999999,2,0,24.2488869,999999,0.15,4,0,"LINESTRING (-122.2896362 37.8794472, -122.283508 37.874032)",walk,,,
52,666,1000004,,1,,0,,424.8736906155171,1,999999,2,0,12.74621072,999999,0.15,4,0,"LINESTRING (-122.4139445 37.751201, -122.418518 37.752422)",walk,,,
53,668,1000021,,1,,0,,531.3506779604503,1,999999,2,0,15.94052034,999999,0.15,4,0,"LINESTRING (-122.2192819 37.7777848, -122.224067 37.774873)",walk,,,
54,679,1000006,,1,,0,,212.86681299555573,1,999999,2,0,6.38600439,999999,0.15,4,0,"LINESTRING (-122.267564 37.852246, -122.26975 37.853069)",walk,,,
55,684,1000009,,1,,0,,875.6658580901775,1,999999,2,0,26.26997574,999999,0.15,4,0,"LINESTRING (-121.8672416 37.3737018, -121.874661 37.368495)",walk,,,
56,687,1000006,,1,,0,,523.2209559025548,1,999999,2,0,15.69662868,999999,0.15,4,0,"LINESTRING (-122.2746228 37.8503694, -122.26975 37.853069)",walk,,,
57,751,1000004,,1,,0,,682.0256442556381,1,999999,2,0,20.46076933,999999,0.15,4,0,"LINESTRING (-122.4120842 37.7558368, -122.418518 37.752422)",walk,,,
58,758,1000010,,1,,0,,346.7733059493013,1,999999,2,0,10.40319918,999999,0.15,4,0,"LINESTRING (-122.0784573 37.6929313, -122.075615 37.690776)",walk,,,
59,785,1000016,,1,,0,,875.3541307,1,999999,2,0,26.26062392,999999,0.15,4,0,"LINESTRING (-122.2771352 37.8668441, -122.268078 37.870117)",walk,,,
60,785,1000030,,1,,0,,976.6583067991155,1,999999,2,0,29.2997492,999999,0.15,4,0,"LINESTRING (-122.2771352 37.8668441, -122.283508 37.874032)",walk,,,
61,786,1000030,,1,,0,,948.3553971309506,1,999999,2,0,28.45066191,999999,0.15,4,0,"LINESTRING (-122.2863197 37.865807, -122.283508 37.874032)",walk,,,
62,796,1000036,,1,,0,,917.5698104385615,1,999999,2,0,27.52709431,999999,0.15,4,0,"LINESTRING (-121.9350969 38.0229463, -121.944248 38.01895)",walk,,,
63,815,1000002,,1,,0,,807.2579855608715,1,999999,2,0,24.21773957,999999,0.15,4,0,"LINESTRING (-122.4125113 37.7607269, -122.419755 37.765176)",walk,,,
64,828,1000029,,1,,0,,912.3452558136951,1,999999,2,0,27.37035767,999999,0.15,4,0,"LINESTRING (-122.4093492 37.7946971, -122.401642 37.789213)",walk,,,
65,829,1000029,,1,,0,,215.51883405287288,1,999999,2,0,6.465565022,999999,0.15,4,0,"LINESTRING (-122.403475 37.7904975, -122.401642 37.789213)",walk,,,
66,829,1000019,,1,,0,,617.6975521820688,1,999999,2,0,18.53092657,999999,0.15,4,0,"LINESTRING (-122.403475 37.7904975, -122.39708 37.792789)",walk,,,
67,829,1000038,,1,,0,,736.8121491583425,1,999999,2,0,22.10436447,999999,0.15,4,0,"LINESTRING (-122.403475 37.7904975, -122.407387 37.784645)",walk,,,
68,830,1000029,,1,,0,,608.6283525917913,1,999999,2,0,18.25885058,999999,0.15,4,0,"LINESTRING (-122.4061645 37.7933506, -122.401642 37.789213)",walk,,,
69,830,1000019,,1,,0,,801.5860565174241,1,999999,2,0,24.0475817,999999,0.15,4,0,"LINESTRING (-122.4061645 37.7933506, -122.39708 37.792789)",walk,,,
70,830,1000038,,1,,0,,975.0522227610164,1,999999,2,0,29.25156668,999999,0.15,4,0,"LINESTRING (-122.4061645 37.7933506, -122.407387 37.784645)",walk,,,
71,857,1000038,,1,,0,,609.4437288420173,1,999999,2,0,18.28331187,999999,0.15,4,0,"LINESTRING (-122.4118881 37.7888066, -122.407387 37.784645)",walk,,,
72,857,1000029,,1,,0,,902.5120779863557,1,999999,2,0,27.07536234,999999,0.15,4,0,"LINESTRING (-122.4118881 37.7888066, -122.401642 37.789213)",walk,,,
73,863,1000006,,1,,0,,799.5951588830741,1,999999,2,0,23.98785477,999999,0.15,4,0,"LINESTRING (-122.275884 37.8583735, -122.26975 37.853069)",walk,,,
74,864,1000006,,1,,0,,716.2406413927258,1,999999,2,0,21.48721924,999999,0.15,4,0,"LINESTRING (-122.268048 37.8593612, -122.26975 37.853069)",walk,,,
75,868,1000011,,1,,0,,823.1753578828743,1,999999,2,0,24.69526074,999999,0.15,4,0,"LINESTRING (-122.4224915 37.7823391, -122.413879 37.77945)",walk,,,
76,869,1000011,,1,,0,,832.2345521690911,1,999999,2,0,24.96703657,999999,0.15,4,0,"LINESTRING (-122.4228807 37.7771541, -122.413879 37.77945)",walk,,,
77,878,1000008,,1,,0,,819.0795062510489,1,999999,2,0,24.57238519,999999,0.15,4,0,"LINESTRING (-122.1331241 37.7020462, -122.126431 37.696938)",walk,,,
78,880,1000046,,1,,0,,947.6824250534856,1,999999,2,0,28.43047275,999999,0.15,4,0,"LINESTRING (-122.027817 37.5893168, -122.01723 37.590765)",walk,,,
79,913,1000036,,1,,0,,806.4369880559944,1,999999,2,0,24.19310964,999999,0.15,4,0,"LINESTRING (-121.9514739 38.0234307, -121.944248 38.01895)",walk,,,
80,925,1000048,,1,,0,,594.9997616792444,1,999999,2,0,17.84999285,999999,0.15,4,0,"LINESTRING (-122.0632774 37.9015582, -122.067379 37.905812)",walk,,,
81,956,1000035,,1,,0,,191.16438462604182,1,999999,2,0,5.734931539,999999,0.15,4,0,"LINESTRING (-122.0571612 37.929923, -122.056015 37.928463)",walk,,,
82,966,1000045,,1,,0,,753.4797045706168,1,999999,2,0,22.60439114,999999,0.15,4,0,"LINESTRING (-122.4373082 37.6604897, -122.444254 37.664437)",walk,,,
83,973,1000048,,1,,0,,727.2172639336887,1,999999,2,0,21.81651792,999999,0.15,4,0,"LINESTRING (-122.0627985 37.911254, -122.067379 37.905812)",walk,,,
84,980,1000025,,1,,0,,968.8899653,1,999999,2,0,29.06669896,999999,0.15,4,0,"LINESTRING (-122.2543138 37.7985075, -122.265232 37.797357)",walk,,,
85,1010,1000041,,1,,0,,742.3662515,1,999999,2,0,22.27098755,999999,0.15,4,0,"LINESTRING (-122.1661682 37.7167215, -122.160713 37.721806)",walk,,,
86,1012,1000021,,1,,0,,820.7407917452418,1,999999,2,0,24.62222375,999999,0.15,4,0,"LINESTRING (-122.2265557 37.7819786, -122.224067 37.774873)",walk,,,
87,1017,1000004,,1,,0,,963.5254926884046,1,999999,2,0,28.90576478,999999,0.15,4,0,"LINESTRING (-122.4202434 37.7438747, -122.418518 37.752422)",walk,,,
88,1026,1000007,,1,,0,,450.7317445121535,1,999999,2,0,13.52195234,999999,0.15,4,0,"LINESTRING (-122.44316 37.7196238, -122.44751 37.721758)",walk,,,
89,1160,1000021,,1,,0,,318.72009265900346,1,999999,2,0,9.56160278,999999,0.15,4,0,"LINESTRING (-122.2275801 37.7741755, -122.224067 37.774873)",walk,,,
90,1164,1000028,,1,,0,,994.2119464768673,1,999999,2,0,29.82635839,999999,0.15,4,0,"LINESTRING (-121.9019886 37.4089281, -121.890803 37.409836)",walk,,,
91,1166,1000017,,1,,0,,316.0308138402267,1,999999,2,0,9.480924415,999999,0.15,4,0,"LINESTRING (-122.3152165 37.9226826, -122.316868 37.925205)",walk,,,
92,1211,1000001,,1,,0,,346.4562813726335,1,999999,2,0,10.39368844,999999,0.15,4,0,"LINESTRING (-122.2707274 37.8004341, -122.271589 37.803471)",walk,,,
93,1211,1000025,,1,,0,,592.4452568111991,1,999999,2,0,17.7733577,999999,0.15,4,0,"LINESTRING (-122.2707274 37.8004341, -122.265232 37.797357)",walk,,,
94,1211,1000003,,1,,0,,867.0419588941577,1,999999,2,0,26.01125877,999999,0.15,4,0,"LINESTRING (-122.2707274 37.8004341, -122.268722 37.80806)",walk,,,
95,1246,1000006,,1,,0,,669.2486632174733,1,999999,2,0,20.0774599,999999,0.15,4,0,"LINESTRING (-122.2647353 37.8485452, -122.26975 37.853069)",walk,,,
96,1253,1000023,,1,,0,,572.2876599314742,1,999999,2,0,17.1686298,999999,0.15,4,0,"LINESTRING (-122.08317 37.6739167, -122.086941 37.669731)",walk,,,
97,1270,1000050,,1,,0,,182.59627800569254,1,999999,2,0,5.47788834,999999,0.15,4,0,"LINESTRING (-122.2962183 37.8063266, -122.295144 37.804923)",walk,,,
98,1272,1000050,,1,,0,,915.9433062186663,1,999999,2,0,27.47829919,999999,0.15,4,0,"LINESTRING (-122.2847803 37.8057305, -122.295144 37.804923)",walk,,,
99,1273,1000001,,1,,0,,741.1967412,1,999999,2,0,22.23590224,999999,0.15,4,0,"LINESTRING (-122.2799551 37.80427, -122.271589 37.803471)",walk,,,
100,1274,1000003,,1,,0,,778.8928368501709,1,999999,2,0,23.36678511,999999,0.15,4,0,"LINESTRING (-122.2770981 37.8103325, -122.268722 37.80806)",walk,,,
101,1274,1000001,,1,,0,,904.5393572810449,1,999999,2,0,27.13618072,999999,0.15,4,0,"LINESTRING (-122.2770981 37.8103325, -122.271589 37.803471)",walk,,,
102,1276,1000001,,1,,0,,368.9971373342646,1,999999,2,0,11.06991412,999999,0.15,4,0,"LINESTRING (-122.2755012 37.8022741, -122.271589 37.803471)",walk,,,
103,1276,1000003,,1,,0,,877.7031167665533,1,999999,2,0,26.3310935,999999,0.15,4,0,"LINESTRING (-122.2755012 37.8022741, -122.268722 37.80806)",walk,,,
104,1319,1000010,,1,,0,,790.9381674780692,1,999999,2,0,23.72814502,999999,0.15,4,0,"LINESTRING (-122.0672905 37.6881137, -122.075615 37.690776)",walk,,,
105,1324,1000016,,1,,0,,802.4490976957632,1,999999,2,0,24.07347293,999999,0.15,4,0,"LINESTRING (-122.259979 37.8667875, -122.268078 37.870117)",walk,,,
106,1330,1000040,,1,,0,,400.3323312916379,1,999999,2,0,12.00996994,999999,0.15,4,0,"LINESTRING (-122.2495916 37.8481378, -122.251271 37.844795)",walk,,,
107,1348,1000025,,1,,0,,703.9828056838799,1,999999,2,0,21.11948417,999999,0.15,4,0,"LINESTRING (-122.2603108 37.79237, -122.265232 37.797357)",walk,,,
108,1354,1000040,,1,,0,,547.0121097748073,1,999999,2,0,16.41036329,999999,0.15,4,0,"LINESTRING (-122.2544782 37.8405841, -122.251271 37.844795)",walk,,,
109,1369,1000050,,1,,0,,579.3077280525317,1,999999,2,0,17.37923184,999999,0.15,4,0,"LINESTRING (-122.2982554 37.8095098, -122.295144 37.804923)",walk,,,
110,1382,1000040,,1,,0,,667.3579644497164,1,999999,2,0,20.02073893,999999,0.15,4,0,"LINESTRING (-122.2574447 37.848284, -122.251271 37.844795)",walk,,,
111,1383,1000026,,1,,0,,493.2451644040602,1,999999,2,0,14.79735493,999999,0.15,4,0,"LINESTRING (-122.2718866 37.8312043, -122.267163 37.828814)",walk,,,
112,1389,1000010,,1,,0,,801.3762772157281,1,999999,2,0,24.04128832,999999,0.15,4,0,"LINESTRING (-122.0834504 37.6871184, -122.075615 37.690776)",walk,,,
113,1397,1000026,,1,,0,,346.3032552760144,1,999999,2,0,10.38909766,999999,0.15,4,0,"LINESTRING (-122.2638399 37.8304839, -122.267163 37.828814)",walk,,,
114,1399,1000026,,1,,0,,837.0240260094548,1,999999,2,0,25.11072078,999999,0.15,4,0,"LINESTRING (-122.2579159 37.8306009, -122.267163 37.828814)",walk,,,
115,1415,1000003,,1,,0,,202.4835479258997,1,999999,2,0,6.074506438,999999,0.15,4,0,"LINESTRING (-122.2667035 37.8071852, -122.268722 37.80806)",walk,,,
116,1415,1000001,,1,,0,,596.3137466120987,1,999999,2,0,17.8894124,999999,0.15,4,0,"LINESTRING (-122.2667035 37.8071852, -122.271589 37.803471)",walk,,,
117,1416,1000020,,1,,0,,859.9694635235003,1,999999,2,0,25.79908391,999999,0.15,4,0,"LINESTRING (-121.9732496 37.5647659, -121.976605 37.557513)",walk,,,
118,1450,1000007,,1,,0,,932.5803250218754,1,999999,2,0,27.97740975,999999,0.15,4,0,"LINESTRING (-122.4483179 37.7134049, -122.44751 37.721758)",walk,,,
119,1451,1000011,,1,,0,,315.3418704923354,1,999999,2,0,9.460256115,999999,0.15,4,0,"LINESTRING (-122.417462 37.7795195, -122.413879 37.77945)",walk,,,
120,1452,1000002,,1,,0,,564.4779411766363,1,999999,2,0,16.93433824,999999,0.15,4,0,"LINESTRING (-122.4201473 37.7702373, -122.419755 37.765176)",walk,,,
121,1453,1000011,,1,,0,,351.9843005902005,1,999999,2,0,10.55952902,999999,0.15,4,0,"LINESTRING (-122.4143407 37.7763092, -122.413879 37.77945)",walk,,,
122,1454,1000011,,1,,0,,689.7951108568546,1,999999,2,0,20.69385333,999999,0.15,4,0,"LINESTRING (-122.4120419 37.773426, -122.413879 37.77945)",walk,,,
123,1455,1000038,,1,,0,,304.3979074559367,1,999999,2,0,9.131937224,999999,0.15,4,0,"LINESTRING (-122.4105086 37.7834657, -122.407387 37.784645)",walk,,,
124,1455,1000011,,1,,0,,536.4365287717916,1,999999,2,0,16.09309586,999999,0.15,4,0,"LINESTRING (-122.4105086 37.7834657, -122.413879 37.77945)",walk,,,
125,1456,1000011,,1,,0,,661.3379880274091,1,999999,2,0,19.84013964,999999,0.15,4,0,"LINESTRING (-122.4067243 37.7776291, -122.413879 37.77945)",walk,,,
126,1456,1000038,,1,,0,,783.1797849657484,1,999999,2,0,23.49539355,999999,0.15,4,0,"LINESTRING (-122.4067243 37.7776291, -122.407387 37.784645)",walk,,,
127,1462,1000038,,1,,0,,282.4959136388789,1,999999,2,0,8.474877409,999999,0.15,4,0,"LINESTRING (-122.4070181 37.7821241, -122.407387 37.784645)",walk,,,
128,1462,1000011,,1,,0,,673.0479075959606,1,999999,2,0,20.19143723,999999,0.15,4,0,"LINESTRING (-122.4070181 37.7821241, -122.413879 37.77945)",walk,,,
129,1462,1000029,,1,,0,,920.0177391,1,999999,2,0,27.60053217,999999,0.15,4,0,"LINESTRING (-122.4070181 37.7821241, -122.401642 37.789213)",walk,,,
130,1463,1000029,,1,,0,,588.9347087080573,1,999999,2,0,17.66804126,999999,0.15,4,0,"LINESTRING (-122.3965353 37.7857922, -122.401642 37.789213)",walk,,,
131,1463,1000019,,1,,0,,780.3528565206367,1,999999,2,0,23.4105857,999999,0.15,4,0,"LINESTRING (-122.3965353 37.7857922, -122.39708 37.792789)",walk,,,
132,1463,1000038,,1,,0,,963.2061508501918,1,999999,2,0,28.89618453,999999,0.15,4,0,"LINESTRING (-122.3965353 37.7857922, -122.407387 37.784645)",walk,,,
133,1500,1000015,,1,,0,,997.7683562881782,1,999999,2,0,29.93305069,999999,0.15,4,0,"LINESTRING (-122.4665757 37.6975475, -122.468994 37.706304)",walk,,,
134,1518,1000011,,1,,0,,205.07366903745296,1,999999,2,0,6.152210071,999999,0.15,4,0,"LINESTRING (-122.4129545 37.7811411, -122.413879 37.77945)",walk,,,
135,1518,1000038,,1,,0,,626.1573841456942,1,999999,2,0,18.78472152,999999,0.15,4,0,"LINESTRING (-122.4129545 37.7811411, -122.407387 37.784645)",walk,,,
136,1519,1000002,,1,,0,,14.989487048626808,1,999999,2,0,0.449684611,999999,0.15,4,0,"LINESTRING (-122.419688 37.7650522, -122.419755 37.765176)",walk,,,
137,1528,1000002,,1,,0,,373.59641004939874,1,999999,2,0,11.2078923,999999,0.15,4,0,"LINESTRING (-122.4193778 37.7618332, -122.419755 37.765176)",walk,,,
138,1529,1000004,,1,,0,,603.9392984973906,1,999999,2,0,18.11817895,999999,0.15,4,0,"LINESTRING (-122.418996 37.7578341, -122.418518 37.752422)",walk,,,
139,1529,1000002,,1,,0,,820.0215883204978,1,999999,2,0,24.60064765,999999,0.15,4,0,"LINESTRING (-122.418996 37.7578341, -122.419755 37.765176)",walk,,,
140,1531,1000002,,1,,0,,535.6683595859142,1,999999,2,0,16.07005079,999999,0.15,4,0,"LINESTRING (-122.4237834 37.7615686, -122.419755 37.765176)",walk,,,
141,1545,1000007,,1,,0,,707.4710646836454,1,999999,2,0,21.22413194,999999,0.15,4,0,"LINESTRING (-122.4411925 37.7256849, -122.44751 37.721758)",walk,,,
142,1547,1000029,,1,,0,,923.7414615340299,1,999999,2,0,27.71224385,999999,0.15,4,0,"LINESTRING (-122.3924125 37.7852562, -122.401642 37.789213)",walk,,,
143,1547,1000019,,1,,0,,933.6833610687753,1,999999,2,0,28.01050083,999999,0.15,4,0,"LINESTRING (-122.3924125 37.7852562, -122.39708 37.792789)",walk,,,
144,1548,1000019,,1,,0,,729.2861532,1,999999,2,0,21.8785846,999999,0.15,4,0,"LINESTRING (-122.3891967 37.7907617, -122.39708 37.792789)",walk,,,
145,1549,1000022,,1,,0,,316.95493179852957,1,999999,2,0,9.508647954,999999,0.15,4,0,"LINESTRING (-122.4333557 37.7304262, -122.433557 37.733269)",walk,,,
146,1555,1000019,,1,,0,,635.9798754764354,1,999999,2,0,19.07939626,999999,0.15,4,0,"LINESTRING (-122.4033562 37.7956249, -122.39708 37.792789)",walk,,,
147,1555,1000029,,1,,0,,729.5246555237926,1,999999,2,0,21.88573967,999999,0.15,4,0,"LINESTRING (-122.4033562 37.7956249, -122.401642 37.789213)",walk,,,
148,1556,1000029,,1,,0,,860.6180888269049,1,999999,2,0,25.81854266,999999,0.15,4,0,"LINESTRING (-122.4073658 37.7954828, -122.401642 37.789213)",walk,,,
149,1556,1000019,,1,,0,,953.2049091142533,1,999999,2,0,28.59614727,999999,0.15,4,0,"LINESTRING (-122.4073658 37.7954828, -122.39708 37.792789)",walk,,,
150,1557,1000029,,1,,0,,204.03239319253203,1,999999,2,0,6.120971796,999999,0.15,4,0,"LINESTRING (-122.4001079 37.7878384, -122.401642 37.789213)",walk,,,
151,1557,1000019,,1,,0,,612.0957335671847,1,999999,2,0,18.36287201,999999,0.15,4,0,"LINESTRING (-122.4001079 37.7878384, -122.39708 37.792789)",walk,,,
152,1557,1000038,,1,,0,,732.4385050621255,1,999999,2,0,21.97315515,999999,0.15,4,0,"LINESTRING (-122.4001079 37.7878384, -122.407387 37.784645)",walk,,,
153,1558,1000011,,1,,0,,457.3211406521093,1,999999,2,0,13.71963422,999999,0.15,4,0,"LINESTRING (-122.4166093 37.7829458, -122.413879 37.77945)",walk,,,
154,1558,1000038,,1,,0,,833.1252546449441,1,999999,2,0,24.99375764,999999,0.15,4,0,"LINESTRING (-122.4166093 37.7829458, -122.407387 37.784645)",walk,,,
155,1559,1000019,,1,,0,,699.2639150006764,1,999999,2,0,20.97791745,999999,0.15,4,0,"LINESTRING (-122.3906438 37.7891027, -122.39708 37.792789)",walk,,,
156,1559,1000029,,1,,0,,967.6177497494248,1,999999,2,0,29.02853249,999999,0.15,4,0,"LINESTRING (-122.3906438 37.7891027, -122.401642 37.789213)",walk,,,
157,1562,1000019,,1,,0,,781.4085792015978,1,999999,2,0,23.44225738,999999,0.15,4,0,"LINESTRING (-122.3910165 37.7876594, -122.39708 37.792789)",walk,,,
158,1562,1000029,,1,,0,,950.6258776164801,1,999999,2,0,28.51877633,999999,0.15,4,0,"LINESTRING (-122.3910165 37.7876594, -122.401642 37.789213)",walk,,,
159,1564,1000011,,1,,0,,620.2137567342927,1,999999,2,0,18.6064127,999999,0.15,4,0,"LINESTRING (-122.4192115 37.783094, -122.413879 37.77945)",walk,,,
160,1565,1000011,,1,,0,,423.56149163746267,1,999999,2,0,12.70684475,999999,0.15,4,0,"LINESTRING (-122.4149685 37.7831562, -122.413879 37.77945)",walk,,,
161,1565,1000038,,1,,0,,687.2928712654532,1,999999,2,0,20.61878614,999999,0.15,4,0,"LINESTRING (-122.4149685 37.7831562, -122.407387 37.784645)",walk,,,
162,1566,1000011,,1,,0,,193.31487467369317,1,999999,2,0,5.79944624,999999,0.15,4,0,"LINESTRING (-122.4117434 37.7798582, -122.413879 37.77945)",walk,,,
163,1566,1000038,,1,,0,,656.3896421163197,1,999999,2,0,19.69168926,999999,0.15,4,0,"LINESTRING (-122.4117434 37.7798582, -122.407387 37.784645)",walk,,,
164,1570,1000038,,1,,0,,731.3655115201486,1,999999,2,0,21.94096535,999999,0.15,4,0,"LINESTRING (-122.4155341 37.7859515, -122.407387 37.784645)",walk,,,
165,1570,1000011,,1,,0,,738.2472164057494,1,999999,2,0,22.14741649,999999,0.15,4,0,"LINESTRING (-122.4155341 37.7859515, -122.413879 37.77945)",walk,,,
166,1573,1000004,,1,,0,,715.9854766097872,1,999999,2,0,21.4795643,999999,0.15,4,0,"LINESTRING (-122.4233994 37.7575672, -122.418518 37.752422)",walk,,,
167,1573,1000002,,1,,0,,905.6977342600206,1,999999,2,0,27.17093203,999999,0.15,4,0,"LINESTRING (-122.4233994 37.7575672, -122.419755 37.765176)",walk,,,
168,1577,1000011,,1,,0,,980.8837788896461,1,999999,2,0,29.42651337,999999,0.15,4,0,"LINESTRING (-122.4184249 37.7874957, -122.413879 37.77945)",walk,,,
169,1581,1000011,,1,,0,,757.9717444,1,999999,2,0,22.73915233,999999,0.15,4,0,"LINESTRING (-122.4171743 37.7857412, -122.413879 37.77945)",walk,,,
170,1581,1000038,,1,,0,,869.6639398413446,1,999999,2,0,26.0899182,999999,0.15,4,0,"LINESTRING (-122.4171743 37.7857412, -122.407387 37.784645)",walk,,,
171,1584,1000002,,1,,0,,562.7361457947698,1,999999,2,0,16.88208437,999999,0.15,4,0,"LINESTRING (-122.4242369 37.7687818, -122.419755 37.765176)",walk,,,
172,1589,1000002,,1,,0,,384.3265888872874,1,999999,2,0,11.52979767,999999,0.15,4,0,"LINESTRING (-122.4240946 37.7647879, -122.419755 37.765176)",walk,,,
173,1650,1000044,,1,,0,,841.6261654857854,1,999999,2,0,25.24878496,999999,0.15,4,0,"LINESTRING (-122.0596257 37.6270595, -122.057158 37.634363)",walk,,,
174,1659,1000001,,1,,0,,975.3587584454776,1,999999,2,0,29.26076275,999999,0.15,4,0,"LINESTRING (-122.277268 37.7959455, -122.271589 37.803471)",walk,,,
175,1663,1000050,,1,,0,,792.2704523960001,1,999999,2,0,23.76811357,999999,0.15,4,0,"LINESTRING (-122.2889321 37.8100772, -122.295144 37.804923)",walk,,,
176,1673,1000003,,1,,0,,951.5583052,1,999999,2,0,28.54674916,999999,0.15,4,0,"LINESTRING (-122.2586656 37.8112134, -122.268722 37.80806)",walk,,,
177,1703,1000016,,1,,0,,585.4751405904391,1,999999,2,0,17.56425422,999999,0.15,4,0,"LINESTRING (-122.2695878 37.8752396, -122.268078 37.870117)",walk,,,
178,1706,1000030,,1,,0,,399.6764359554907,1,999999,2,0,11.99029308,999999,0.15,4,0,"LINESTRING (-122.2878171 37.8728828, -122.283508 37.874032)",walk,,,
179,1707,1000030,,1,,0,,491.47631297785614,1,999999,2,0,14.74428939,999999,0.15,4,0,"LINESTRING (-122.2779151 37.8740722, -122.283508 37.874032)",walk,,,
180,1707,1000016,,1,,0,,970.0941387,1,999999,2,0,29.10282416,999999,0.15,4,0,"LINESTRING (-122.2779151 37.8740722, -122.268078 37.870117)",walk,,,
181,1708,1000038,,1,,0,,866.3776245420628,1,999999,2,0,25.99132874,999999,0.15,4,0,"LINESTRING (-122.4139142 37.7904728, -122.407387 37.784645)",walk,,,
182,1720,1000015,,1,,0,,807.0981595033076,1,999999,2,0,24.21294479,999999,0.15,4,0,"LINESTRING (-122.4671038 37.7133984, -122.468994 37.706304)",walk,,,
183,1726,1000038,,1,,0,,327.8468899627178,1,999999,2,0,9.835406699,999999,0.15,4,0,"LINESTRING (-122.410746 37.7859203, -122.407387 37.784645)",walk,,,
184,1726,1000011,,1,,0,,771.2121626953299,1,999999,2,0,23.13636488,999999,0.15,4,0,"LINESTRING (-122.410746 37.7859203, -122.413879 37.77945)",walk,,,
185,1726,1000029,,1,,0,,880.8091746614458,1,999999,2,0,26.42427524,999999,0.15,4,0,"LINESTRING (-122.410746 37.7859203, -122.401642 37.789213)",walk,,,
186,1800,1000034,,1,,0,,965.9403175367684,1,999999,2,0,28.97820953,999999,0.15,4,0,"LINESTRING (-121.8993653 38.0139154, -121.889011 38.016873)",walk,,,
187,1833,1000007,,1,,0,,881.6974873639806,1,999999,2,0,26.45092462,999999,0.15,4,0,"LINESTRING (-122.4462246 37.7296129, -122.44751 37.721758)",walk,,,
188,1846,1000002,,1,,0,,714.4589968349934,1,999999,2,0,21.43376991,999999,0.15,4,0,"LINESTRING (-122.4124918 37.768044, -122.419755 37.765176)",walk,,,
189,1866,1000002,,1,,0,,852.4137709359147,1,999999,2,0,25.57241313,999999,0.15,4,0,"LINESTRING (-122.4294366 37.7649354, -122.419755 37.765176)",walk,,,
190,1867,1000004,,1,,0,,67.52252562454174,1,999999,2,0,2.025675769,999999,0.15,4,0,"LINESTRING (-122.4184134 37.7518211, -122.418518 37.752422)",walk,,,
191,1868,1000004,,1,,0,,391.9374312298626,1,999999,2,0,11.75812294,999999,0.15,4,0,"LINESTRING (-122.4228445 37.7515888, -122.418518 37.752422)",walk,,,
192,1875,1000022,,1,,0,,926.3206285811647,1,999999,2,0,27.78961886,999999,0.15,4,0,"LINESTRING (-122.4392771 37.7402533, -122.433557 37.733269)",walk,,,
193,1876,1000022,,1,,0,,647.8132123508327,1,999999,2,0,19.43439637,999999,0.15,4,0,"LINESTRING (-122.4291348 37.7379203, -122.433557 37.733269)",walk,,,
194,1879,1000004,,1,,0,,726.3773041,1,999999,2,0,21.79131912,999999,0.15,4,0,"LINESTRING (-122.4103787 37.751344, -122.418518 37.752422)",walk,,,
195,1885,1000014,,1,,0,,788.6535875252017,1,999999,2,0,23.65960763,999999,0.15,4,0,"LINESTRING (-122.0378047 37.9756138, -122.029126 37.973773)",walk,,,
196,1896,1000039,,1,,0,,399.1049675334795,1,999999,2,0,11.97314903,999999,0.15,4,0,"LINESTRING (-122.3518215 37.9402568, -122.353004 37.936795)",walk,,,
197,1897,1000039,,1,,0,,944.3089980234591,1,999999,2,0,28.32926994,999999,0.15,4,0,"LINESTRING (-122.3623529 37.9409897, -122.353004 37.936795)",walk,,,
198,1898,1000039,,1,,0,,938.9824943739917,1,999999,2,0,28.16947483,999999,0.15,4,0,"LINESTRING (-122.3629918 37.9337791, -122.353004 37.936795)",walk,,,
199,1900,1000017,,1,,0,,757.6253150918667,1,999999,2,0,22.72875945,999999,0.15,4,0,"LINESTRING (-122.3087345 37.9274762, -122.316868 37.925205)",walk,,,
200,1911,1000037,,1,,0,,763.0405168211518,1,999999,2,0,22.8912155,999999,0.15,4,0,"LINESTRING (-122.3022233 37.9089645, -122.298895 37.902633)",walk,,,
201,1912,1000037,,1,,0,,87.87914815,1,999999,2,0,2.636374445,999999,0.15,4,0,"LINESTRING (-122.2980729 37.9021831, -122.298895 37.902633)",walk,,,
202,1913,1000037,,1,,0,,582.2892586479311,1,999999,2,0,17.46867776,999999,0.15,4,0,"LINESTRING (-122.3052141 37.9010521, -122.298895 37.902633)",walk,,,
203,1915,1000037,,1,,0,,709.9436003725858,1,999999,2,0,21.29830801,999999,0.15,4,0,"LINESTRING (-122.2911565 37.904474, -122.298895 37.902633)",walk,,,
204,1919,1000014,,1,,0,,927.1983158013807,1,999999,2,0,27.81594947,999999,0.15,4,0,"LINESTRING (-122.0203707 37.9691106, -122.029126 37.973773)",walk,,,
205,1920,1000014,,1,,0,,915.0930154971867,1,999999,2,0,27.45279046,999999,0.15,4,0,"LINESTRING (-122.0346276 37.9667898, -122.029126 37.973773)",walk,,,
206,1923,1000034,,1,,0,,644.8099653,1,999999,2,0,19.34429896,999999,0.15,4,0,"LINESTRING (-121.8935623 38.0214223, -121.889011 38.016873)",walk,,,
207,1000035,47,,1,,0,access_links,349.78386614520764,1,999999,2,0,10.49351598,999999,0.15,4,0,"LINESTRING (-122.056015 37.928463, -122.0541352 37.9256927)",walk,,,
208,1000047,66,,1,,0,,368.4369853,1,999999,2,0,11.05310956,999999,0.15,4,0,"LINESTRING (-121.939358 37.502307, -121.9388552 37.4990214)",walk,,,
209,1000046,67,,1,,0,,655.1880566943728,1,999999,2,0,19.6556417,999999,0.15,4,0,"LINESTRING (-122.01723 37.590765, -122.0108429 37.5937696)",walk,,,
210,1000046,68,,1,,0,,387.3111912620373,1,999999,2,0,11.61933574,999999,0.15,4,0,"LINESTRING (-122.01723 37.590765, -122.0142011 37.5882461)",walk,,,
211,1000041,70,,1,,0,,930.4891353316137,1,999999,2,0,27.91467406,999999,0.15,4,0,"LINESTRING (-122.160713 37.721806, -122.1508066 37.7247163)",walk,,,
212,1000020,73,,1,,0,,517.8350775144338,1,999999,2,0,15.53505233,999999,0.15,4,0,"LINESTRING (-121.976605 37.557513, -121.9723074 37.5543457)",walk,,,
213,1000023,77,,1,,0,,707.2155074537948,1,999999,2,0,21.21646522,999999,0.15,4,0,"LINESTRING (-122.086941 37.669731, -122.0945904 37.6678078)",walk,,,
214,1000008,86,,1,,0,,951.4236313486042,1,999999,2,0,28.54270894,999999,0.15,4,0,"LINESTRING (-122.126431 37.696938, -122.1226567 37.7049461)",walk,,,
215,1000008,87,,1,,0,,323.9301840139538,1,999999,2,0,9.71790552,999999,0.15,4,0,"LINESTRING (-122.126431 37.696938, -122.123894 37.6948314)",walk,,,
216,1000023,88,,1,,0,,622.8755067102026,1,999999,2,0,18.6862652,999999,0.15,4,0,"LINESTRING (-122.086941 37.669731, -122.087795 37.6641766)",walk,,,
217,1000025,90,,1,,0,,562.5483247187724,1,999999,2,0,16.87644974,999999,0.15,4,0,"LINESTRING (-122.265232 37.797357, -122.2651075 37.8024095)",walk,,,
218,1000001,90,,1,,0,,582.2054759483067,1,999999,2,0,17.46616428,999999,0.15,4,0,"LINESTRING (-122.271589 37.803471, -122.2651075 37.8024095)",walk,,,
219,1000003,90,,1,,0,,704.7835342360034,1,999999,2,0,21.14350603,999999,0.15,4,0,"LINESTRING (-122.268722 37.80806, -122.2651075 37.8024095)",walk,,,
220,1000041,96,,1,,0,,269.96870667222186,1,999999,2,0,8.0990612,999999,0.15,4,0,"LINESTRING (-122.160713 37.721806, -122.1576682 37.7215214)",walk,,,
221,1000003,97,,1,,0,,797.2226649520788,1,999999,2,0,23.91667995,999999,0.15,4,0,"LINESTRING (-122.268722 37.80806, -122.2597833 37.8092493)",walk,,,
222,1000025,98,,1,,0,,421.63050078153555,1,999999,2,0,12.64891502,999999,0.15,4,0,"LINESTRING (-122.265232 37.797357, -122.2667344 37.7937603)",walk,,,
223,1000025,99,,1,,0,,173.0069192815873,1,999999,2,0,5.190207578,999999,0.15,4,0,"LINESTRING (-122.265232 37.797357, -122.266955 37.7981065)",walk,,,
224,1000001,99,,1,,0,,723.0175639440932,1,999999,2,0,21.69052692,999999,0.15,4,0,"LINESTRING (-122.271589 37.803471, -122.266955 37.7981065)",walk,,,
225,1000003,102,,1,,0,,242.8123074371376,1,999999,2,0,7.284369223,999999,0.15,4,0,"LINESTRING (-122.268722 37.80806, -122.2707403 37.8095483)",walk,,,
226,1000001,102,,1,,0,,680.6274862957747,1,999999,2,0,20.41882459,999999,0.15,4,0,"LINESTRING (-122.271589 37.803471, -122.2707403 37.8095483)",walk,,,
227,1000001,103,,1,,0,,431.08726865638823,1,999999,2,0,12.93261806,999999,0.15,4,0,"LINESTRING (-122.271589 37.803471, -122.2735577 37.8070174)",walk,,,
228,1000003,103,,1,,0,,440.8548698346279,1,999999,2,0,13.2256461,999999,0.15,4,0,"LINESTRING (-122.268722 37.80806, -122.2735577 37.8070174)",walk,,,
229,1000016,105,,1,,0,,213.75122204302005,1,999999,2,0,6.412536661,999999,0.15,4,0,"LINESTRING (-122.268078 37.870117, -122.2698172 37.8687746)",walk,,,
230,1000016,106,,1,,0,,487.3105681016051,1,999999,2,0,14.61931704,999999,0.15,4,0,"LINESTRING (-122.268078 37.870117, -122.2678632 37.8657427)",walk,,,
231,1000050,167,,1,,0,,990.3212901201225,1,999999,2,0,29.7096387,999999,0.15,4,0,"LINESTRING (-122.295144 37.804923, -122.2953295 37.796028)",walk,,,
232,1000042,231,,1,,0,,961.0736273233438,1,999999,2,0,28.83220882,999999,0.15,4,0,"LINESTRING (-122.416384 37.63772, -122.4257253 37.6332687)",walk,,,
233,1000027,248,,1,,0,,500.1297035589843,1,999999,2,0,15.00389111,999999,0.15,4,0,"LINESTRING (-122.38684 37.600199, -122.3887434 37.6044311)",walk,,,
234,1000027,249,,1,,0,,969.1058608291738,1,999999,2,0,29.07317582,999999,0.15,4,0,"LINESTRING (-122.38684 37.600199, -122.3977958 37.5995339)",walk,,,
235,1000045,392,,1,,0,,887.3504885481639,1,999999,2,0,26.62051466,999999,0.15,4,0,"LINESTRING (-122.444254 37.664437, -122.4343717 37.6659681)",walk,,,
236,1000011,496,,1,,0,,838.5757080790004,1,999999,2,0,25.15727124,999999,0.15,4,0,"LINESTRING (-122.413879 37.77945, -122.4196803 37.785427)",walk,,,
237,1000038,499,,1,,0,,491.66081415949446,1,999999,2,0,14.74982442,999999,0.15,4,0,"LINESTRING (-122.407387 37.784645, -122.412097 37.7870222)",walk,,,
238,1000011,499,,1,,0,,857.3894511,1,999999,2,0,25.72168353,999999,0.15,4,0,"LINESTRING (-122.413879 37.77945, -122.412097 37.7870222)",walk,,,
239,1000029,499,,1,,0,,951.5495338240696,1,999999,2,0,28.54648601,999999,0.15,4,0,"LINESTRING (-122.401642 37.789213, -122.412097 37.7870222)",walk,,,
240,1000038,501,,1,,0,,738.3314538657373,1,999999,2,0,22.14994362,999999,0.15,4,0,"LINESTRING (-122.407387 37.784645, -122.4098067 37.7909959)",walk,,,
241,1000029,501,,1,,0,,745.1771155040608,1,999999,2,0,22.35531347,999999,0.15,4,0,"LINESTRING (-122.401642 37.789213, -122.4098067 37.7909959)",walk,,,
242,1000042,515,,1,,0,,994.6588709029429,1,999999,2,0,29.83976613,999999,0.15,4,0,"LINESTRING (-122.416384 37.63772, -122.4138753 37.6290085)",walk,,,
243,1000015,529,,1,,0,,369.92289736750826,1,999999,2,0,11.09768692,999999,0.15,4,0,"LINESTRING (-122.468994 37.706304, -122.4671356 37.7033239)",walk,,,
244,1000015,532,,1,,0,,565.1457039760506,1,999999,2,0,16.95437112,999999,0.15,4,0,"LINESTRING (-122.468994 37.706304, -122.4625775 37.7063626)",walk,,,
245,1000012,547,,1,,0,,625.6460928593985,1,999999,2,0,18.76938279,999999,0.15,4,0,"LINESTRING (-122.466167 37.684642, -122.4664094 37.690259)",walk,,,
246,1000012,548,,1,,0,,193.6190814007942,1,999999,2,0,5.808572442,999999,0.15,4,0,"LINESTRING (-122.466167 37.684642, -122.4646175 37.6858755)",walk,,,
247,1000038,558,,1,,0,,620.5537957552041,1,999999,2,0,18.61661387,999999,0.15,4,0,"LINESTRING (-122.407387 37.784645, -122.4011589 37.7820284)",walk,,,
248,1000029,558,,1,,0,,800.9145039269142,1,999999,2,0,24.02743512,999999,0.15,4,0,"LINESTRING (-122.401642 37.789213, -122.4011589 37.7820284)",walk,,,
249,1000007,562,,1,,0,,864.8410490164575,1,999999,2,0,25.94523147,999999,0.15,4,0,"LINESTRING (-122.44751 37.721758, -122.4573318 37.7217838)",walk,,,
250,1000007,563,,1,,0,,508.14119758833505,1,999999,2,0,15.24423593,999999,0.15,4,0,"LINESTRING (-122.44751 37.721758, -122.4523956 37.7193286)",walk,,,
251,1000038,584,,1,,0,,465.03073026298847,1,999999,2,0,13.95092191,999999,0.15,4,0,"LINESTRING (-122.407387 37.784645, -122.4125954 37.783933)",walk,,,
252,1000011,584,,1,,0,,511.66399868715473,1,999999,2,0,15.34991996,999999,0.15,4,0,"LINESTRING (-122.413879 37.77945, -122.4125954 37.783933)",walk,,,
253,1000013,613,,1,,0,,592.1403483867557,1,999999,2,0,17.76421045,999999,0.15,4,0,"LINESTRING (-122.196698 37.753604, -122.1969979 37.758918)",walk,,,
254,1000013,614,,1,,0,,685.0449531965409,1,999999,2,0,20.5513486,999999,0.15,4,0,"LINESTRING (-122.196698 37.753604, -122.1889463 37.7541581)",walk,,,
255,1000037,655,,1,,0,,924.4277731219732,1,999999,2,0,27.73283319,999999,0.15,4,0,"LINESTRING (-122.298895 37.902633, -122.2974489 37.8944075)",walk,,,
256,1000030,660,,1,,0,,837.8972613917949,1,999999,2,0,25.13691784,999999,0.15,4,0,"LINESTRING (-122.283508 37.874032, -122.2782006 37.8802854)",walk,,,
257,1000030,661,,1,,0,,808.2962298969915,1,999999,2,0,24.2488869,999999,0.15,4,0,"LINESTRING (-122.283508 37.874032, -122.2896362 37.8794472)",walk,,,
258,1000004,666,,1,,0,,424.8736906155171,1,999999,2,0,12.74621072,999999,0.15,4,0,"LINESTRING (-122.418518 37.752422, -122.4139445 37.751201)",walk,,,
259,1000021,668,,1,,0,,531.3506779604503,1,999999,2,0,15.94052034,999999,0.15,4,0,"LINESTRING (-122.224067 37.774873, -122.2192819 37.7777848)",walk,,,
260,1000006,679,,1,,0,,212.86681299555573,1,999999,2,0,6.38600439,999999,0.15,4,0,"LINESTRING (-122.26975 37.853069, -122.267564 37.852246)",walk,,,
261,1000009,684,,1,,0,,875.6658580901775,1,999999,2,0,26.26997574,999999,0.15,4,0,"LINESTRING (-121.874661 37.368495, -121.8672416 37.3737018)",walk,,,
262,1000006,687,,1,,0,,523.2209559025548,1,999999,2,0,15.69662868,999999,0.15,4,0,"LINESTRING (-122.26975 37.853069, -122.2746228 37.8503694)",walk,,,
263,1000004,751,,1,,0,,682.0256442556381,1,999999,2,0,20.46076933,999999,0.15,4,0,"LINESTRING (-122.418518 37.752422, -122.4120842 37.7558368)",walk,,,
264,1000010,758,,1,,0,,346.7733059493013,1,999999,2,0,10.40319918,999999,0.15,4,0,"LINESTRING (-122.075615 37.690776, -122.0784573 37.6929313)",walk,,,
265,1000016,785,,1,,0,,875.3541307,1,999999,2,0,26.26062392,999999,0.15,4,0,"LINESTRING (-122.268078 37.870117, -122.2771352 37.8668441)",walk,,,
266,1000030,785,,1,,0,,976.6583067991155,1,999999,2,0,29.2997492,999999,0.15,4,0,"LINESTRING (-122.283508 37.874032, -122.2771352 37.8668441)",walk,,,
267,1000030,786,,1,,0,,948.3553971309506,1,999999,2,0,28.45066191,999999,0.15,4,0,"LINESTRING (-122.283508 37.874032, -122.2863197 37.865807)",walk,,,
268,1000036,796,,1,,0,,917.5698104385615,1,999999,2,0,27.52709431,999999,0.15,4,0,"LINESTRING (-121.944248 38.01895, -121.9350969 38.0229463)",walk,,,
269,1000002,815,,1,,0,,807.2579855608715,1,999999,2,0,24.21773957,999999,0.15,4,0,"LINESTRING (-122.419755 37.765176, -122.4125113 37.7607269)",walk,,,
270,1000029,828,,1,,0,,912.3452558136951,1,999999,2,0,27.37035767,999999,0.15,4,0,"LINESTRING (-122.401642 37.789213, -122.4093492 37.7946971)",walk,,,
271,1000029,829,,1,,0,,215.51883405287288,1,999999,2,0,6.465565022,999999,0.15,4,0,"LINESTRING (-122.401642 37.789213, -122.403475 37.7904975)",walk,,,
272,1000019,829,,1,,0,,617.6975521820688,1,999999,2,0,18.53092657,999999,0.15,4,0,"LINESTRING (-122.39708 37.792789, -122.403475 37.7904975)",walk,,,
273,1000038,829,,1,,0,,736.8121491583425,1,999999,2,0,22.10436447,999999,0.15,4,0,"LINESTRING (-122.407387 37.784645, -122.403475 37.7904975)",walk,,,
274,1000029,830,,1,,0,,608.6283525917913,1,999999,2,0,18.25885058,999999,0.15,4,0,"LINESTRING (-122.401642 37.789213, -122.4061645 37.7933506)",walk,,,
275,1000019,830,,1,,0,,801.5860565174241,1,999999,2,0,24.0475817,999999,0.15,4,0,"LINESTRING (-122.39708 37.792789, -122.4061645 37.7933506)",walk,,,
276,1000038,830,,1,,0,,975.0522227610164,1,999999,2,0,29.25156668,999999,0.15,4,0,"LINESTRING (-122.407387 37.784645, -122.4061645 37.7933506)",walk,,,
277,1000038,857,,1,,0,,609.4437288420173,1,999999,2,0,18.28331187,999999,0.15,4,0,"LINESTRING (-122.407387 37.784645, -122.4118881 37.7888066)",walk,,,
278,1000029,857,,1,,0,,902.5120779863557,1,999999,2,0,27.07536234,999999,0.15,4,0,"LINESTRING (-122.401642 37.789213, -122.4118881 37.7888066)",walk,,,
279,1000006,863,,1,,0,,799.5951588830741,1,999999,2,0,23.98785477,999999,0.15,4,0,"LINESTRING (-122.26975 37.853069, -122.275884 37.8583735)",walk,,,
280,1000006,864,,1,,0,,716.2406413927258,1,999999,2,0,21.48721924,999999,0.15,4,0,"LINESTRING (-122.26975 37.853069, -122.268048 37.8593612)",walk,,,
281,1000011,868,,1,,0,,823.1753578828743,1,999999,2,0,24.69526074,999999,0.15,4,0,"LINESTRING (-122.413879 37.77945, -122.4224915 37.7823391)",walk,,,
282,1000011,869,,1,,0,,832.2345521690911,1,999999,2,0,24.96703657,999999,0.15,4,0,"LINESTRING (-122.413879 37.77945, -122.4228807 37.7771541)",walk,,,
283,1000008,878,,1,,0,,819.0795062510489,1,999999,2,0,24.57238519,999999,0.15,4,0,"LINESTRING (-122.126431 37.696938, -122.1331241 37.7020462)",walk,,,
284,1000046,880,,1,,0,,947.6824250534856,1,999999,2,0,28.43047275,999999,0.15,4,0,"LINESTRING (-122.01723 37.590765, -122.027817 37.5893168)",walk,,,
285,1000036,913,,1,,0,,806.4369880559944,1,999999,2,0,24.19310964,999999,0.15,4,0,"LINESTRING (-121.944248 38.01895, -121.9514739 38.0234307)",walk,,,
286,1000048,925,,1,,0,,594.9997616792444,1,999999,2,0,17.84999285,999999,0.15,4,0,"LINESTRING (-122.067379 37.905812, -122.0632774 37.9015582)",walk,,,
287,1000035,956,,1,,0,,191.16438462604182,1,999999,2,0,5.734931539,999999,0.15,4,0,"LINESTRING (-122.056015 37.928463, -122.0571612 37.929923)",walk,,,
288,1000045,966,,1,,0,,753.4797045706168,1,999999,2,0,22.60439114,999999,0.15,4,0,"LINESTRING (-122.444254 37.664437, -122.4373082 37.6604897)",walk,,,
289,1000048,973,,1,,0,,727.2172639336887,1,999999,2,0,21.81651792,999999,0.15,4,0,"LINESTRING (-122.067379 37.905812, -122.0627985 37.911254)",walk,,,
290,1000025,980,,1,,0,,968.8899653,1,999999,2,0,29.06669896,999999,0.15,4,0,"LINESTRING (-122.265232 37.797357, -122.2543138 37.7985075)",walk,,,
291,1000041,1010,,1,,0,,742.3662515,1,999999,2,0,22.27098755,999999,0.15,4,0,"LINESTRING (-122.160713 37.721806, -122.1661682 37.7167215)",walk,,,
292,1000021,1012,,1,,0,,820.7407917452418,1,999999,2,0,24.62222375,999999,0.15,4,0,"LINESTRING (-122.224067 37.774873, -122.2265557 37.7819786)",walk,,,
293,1000004,1017,,1,,0,,963.5254926884046,1,999999,2,0,28.90576478,999999,0.15,4,0,"LINESTRING (-122.418518 37.752422, -122.4202434 37.7438747)",walk,,,
294,1000007,1026,,1,,0,,450.7317445121535,1,999999,2,0,13.52195234,999999,0.15,4,0,"LINESTRING (-122.44751 37.721758, -122.44316 37.7196238)",walk,,,
295,1000021,1160,,1,,0,,318.72009265900346,1,999999,2,0,9.56160278,999999,0.15,4,0,"LINESTRING (-122.224067 37.774873, -122.2275801 37.7741755)",walk,,,
296,1000028,1164,,1,,0,,994.2119464768673,1,999999,2,0,29.82635839,999999,0.15,4,0,"LINESTRING (-121.890803 37.409836, -121.9019886 37.4089281)",walk,,,
297,1000017,1166,,1,,0,,316.0308138402267,1,999999,2,0,9.480924415,999999,0.15,4,0,"LINESTRING (-122.316868 37.925205, -122.3152165 37.9226826)",walk,,,
298,1000001,1211,,1,,0,,346.4562813726335,1,999999,2,0,10.39368844,999999,0.15,4,0,"LINESTRING (-122.271589 37.803471, -122.2707274 37.8004341)",walk,,,
299,1000025,1211,,1,,0,,592.4452568111991,1,999999,2,0,17.7733577,999999,0.15,4,0,"LINESTRING (-122.265232 37.797357, -122.2707274 37.8004341)",walk,,,
300,1000003,1211,,1,,0,,867.0419588941577,1,999999,2,0,26.01125877,999999,0.15,4,0,"LINESTRING (-122.268722 37.80806, -122.2707274 37.8004341)",walk,,,
301,1000006,1246,,1,,0,,669.2486632174733,1,999999,2,0,20.0774599,999999,0.15,4,0,"LINESTRING (-122.26975 37.853069, -122.2647353 37.8485452)",walk,,,
302,1000023,1253,,1,,0,,572.2876599314742,1,999999,2,0,17.1686298,999999,0.15,4,0,"LINESTRING (-122.086941 37.669731, -122.08317 37.6739167)",walk,,,
303,1000050,1270,,1,,0,,182.59627800569254,1,999999,2,0,5.47788834,999999,0.15,4,0,"LINESTRING (-122.295144 37.804923, -122.2962183 37.8063266)",walk,,,
304,1000050,1272,,1,,0,,915.9433062186663,1,999999,2,0,27.47829919,999999,0.15,4,0,"LINESTRING (-122.295144 37.804923, -122.2847803 37.8057305)",walk,,,
305,1000001,1273,,1,,0,,741.1967412,1,999999,2,0,22.23590224,999999,0.15,4,0,"LINESTRING (-122.271589 37.803471, -122.2799551 37.80427)",walk,,,
306,1000003,1274,,1,,0,,778.8928368501709,1,999999,2,0,23.36678511,999999,0.15,4,0,"LINESTRING (-122.268722 37.80806, -122.2770981 37.8103325)",walk,,,
307,1000001,1274,,1,,0,,904.5393572810449,1,999999,2,0,27.13618072,999999,0.15,4,0,"LINESTRING (-122.271589 37.803471, -122.2770981 37.8103325)",walk,,,
308,1000001,1276,,1,,0,,368.9971373342646,1,999999,2,0,11.06991412,999999,0.15,4,0,"LINESTRING (-122.271589 37.803471, -122.2755012 37.8022741)",walk,,,
309,1000003,1276,,1,,0,,877.7031167665533,1,999999,2,0,26.3310935,999999,0.15,4,0,"LINESTRING (-122.268722 37.80806, -122.2755012 37.8022741)",walk,,,
310,1000010,1319,,1,,0,,790.9381674780692,1,999999,2,0,23.72814502,999999,0.15,4,0,"LINESTRING (-122.075615 37.690776, -122.0672905 37.6881137)",walk,,,
311,1000016,1324,,1,,0,,802.4490976957632,1,999999,2,0,24.07347293,999999,0.15,4,0,"LINESTRING (-122.268078 37.870117, -122.259979 37.8667875)",walk,,,
312,1000040,1330,,1,,0,,400.3323312916379,1,999999,2,0,12.00996994,999999,0.15,4,0,"LINESTRING (-122.251271 37.844795, -122.2495916 37.8481378)",walk,,,
313,1000025,1348,,1,,0,,703.9828056838799,1,999999,2,0,21.11948417,999999,0.15,4,0,"LINESTRING (-122.265232 37.797357, -122.2603108 37.79237)",walk,,,
314,1000040,1354,,1,,0,,547.0121097748073,1,999999,2,0,16.41036329,999999,0.15,4,0,"LINESTRING (-122.251271 37.844795, -122.2544782 37.8405841)",walk,,,
315,1000050,1369,,1,,0,,579.3077280525317,1,999999,2,0,17.37923184,999999,0.15,4,0,"LINESTRING (-122.295144 37.804923, -122.2982554 37.8095098)",walk,,,
316,1000040,1382,,1,,0,,667.3579644497164,1,999999,2,0,20.02073893,999999,0.15,4,0,"LINESTRING (-122.251271 37.844795, -122.2574447 37.848284)",walk,,,
317,1000026,1383,,1,,0,,493.2451644040602,1,999999,2,0,14.79735493,999999,0.15,4,0,"LINESTRING (-122.267163 37.828814, -122.2718866 37.8312043)",walk,,,
318,1000010,1389,,1,,0,,801.3762772157281,1,999999,2,0,24.04128832,999999,0.15,4,0,"LINESTRING (-122.075615 37.690776, -122.0834504 37.6871184)",walk,,,
319,1000026,1397,,1,,0,,346.3032552760144,1,999999,2,0,10.38909766,999999,0.15,4,0,"LINESTRING (-122.267163 37.828814, -122.2638399 37.8304839)",walk,,,
320,1000026,1399,,1,,0,,837.0240260094548,1,999999,2,0,25.11072078,999999,0.15,4,0,"LINESTRING (-122.267163 37.828814, -122.2579159 37.8306009)",walk,,,
321,1000003,1415,,1,,0,,202.4835479258997,1,999999,2,0,6.074506438,999999,0.15,4,0,"LINESTRING (-122.268722 37.80806, -122.2667035 37.8071852)",walk,,,
322,1000001,1415,,1,,0,,596.3137466120987,1,999999,2,0,17.8894124,999999,0.15,4,0,"LINESTRING (-122.271589 37.803471, -122.2667035 37.8071852)",walk,,,
323,1000020,1416,,1,,0,,859.9694635235003,1,999999,2,0,25.79908391,999999,0.15,4,0,"LINESTRING (-121.976605 37.557513, -121.9732496 37.5647659)",walk,,,
324,1000007,1450,,1,,0,,932.5803250218754,1,999999,2,0,27.97740975,999999,0.15,4,0,"LINESTRING (-122.44751 37.721758, -122.4483179 37.7134049)",walk,,,
325,1000011,1451,,1,,0,,315.3418704923354,1,999999,2,0,9.460256115,999999,0.15,4,0,"LINESTRING (-122.413879 37.77945, -122.417462 37.7795195)",walk,,,
326,1000002,1452,,1,,0,,564.4779411766363,1,999999,2,0,16.93433824,999999,0.15,4,0,"LINESTRING (-122.419755 37.765176, -122.4201473 37.7702373)",walk,,,
327,1000011,1453,,1,,0,,351.9843005902005,1,999999,2,0,10.55952902,999999,0.15,4,0,"LINESTRING (-122.413879 37.77945, -122.4143407 37.7763092)",walk,,,
328,1000011,1454,,1,,0,,689.7951108568546,1,999999,2,0,20.69385333,999999,0.15,4,0,"LINESTRING (-122.413879 37.77945, -122.4120419 37.773426)",walk,,,
329,1000038,1455,,1,,0,,304.3979074559367,1,999999,2,0,9.131937224,999999,0.15,4,0,"LINESTRING (-122.407387 37.784645, -122.4105086 37.7834657)",walk,,,
330,1000011,1455,,1,,0,,536.4365287717916,1,999999,2,0,16.09309586,999999,0.15,4,0,"LINESTRING (-122.413879 37.77945, -122.4105086 37.7834657)",walk,,,
331,1000011,1456,,1,,0,,661.3379880274091,1,999999,2,0,19.84013964,999999,0.15,4,0,"LINESTRING (-122.413879 37.77945, -122.4067243 37.7776291)",walk,,,
332,1000038,1456,,1,,0,,783.1797849657484,1,999999,2,0,23.49539355,999999,0.15,4,0,"LINESTRING (-122.407387 37.784645, -122.4067243 37.7776291)",walk,,,
333,1000038,1462,,1,,0,,282.4959136388789,1,999999,2,0,8.474877409,999999,0.15,4,0,"LINESTRING (-122.407387 37.784645, -122.4070181 37.7821241)",walk,,,
334,1000011,1462,,1,,0,,673.0479075959606,1,999999,2,0,20.19143723,999999,0.15,4,0,"LINESTRING (-122.413879 37.77945, -122.4070181 37.7821241)",walk,,,
335,1000029,1462,,1,,0,,920.0177391,1,999999,2,0,27.60053217,999999,0.15,4,0,"LINESTRING (-122.401642 37.789213, -122.4070181 37.7821241)",walk,,,
336,1000029,1463,,1,,0,,588.9347087080573,1,999999,2,0,17.66804126,999999,0.15,4,0,"LINESTRING (-122.401642 37.789213, -122.3965353 37.7857922)",walk,,,
337,1000019,1463,,1,,0,,780.3528565206367,1,999999,2,0,23.4105857,999999,0.15,4,0,"LINESTRING (-122.39708 37.792789, -122.3965353 37.7857922)",walk,,,
338,1000038,1463,,1,,0,,963.2061508501918,1,999999,2,0,28.89618453,999999,0.15,4,0,"LINESTRING (-122.407387 37.784645, -122.3965353 37.7857922)",walk,,,
339,1000015,1500,,1,,0,,997.7683562881782,1,999999,2,0,29.93305069,999999,0.15,4,0,"LINESTRING (-122.468994 37.706304, -122.4665757 37.6975475)",walk,,,
340,1000011,1518,,1,,0,,205.07366903745296,1,999999,2,0,6.152210071,999999,0.15,4,0,"LINESTRING (-122.413879 37.77945, -122.4129545 37.7811411)",walk,,,
341,1000038,1518,,1,,0,,626.1573841456942,1,999999,2,0,18.78472152,999999,0.15,4,0,"LINESTRING (-122.407387 37.784645, -122.4129545 37.7811411)",walk,,,
342,1000002,1519,,1,,0,,14.989487048626808,1,999999,2,0,0.449684611,999999,0.15,4,0,"LINESTRING (-122.419755 37.765176, -122.419688 37.7650522)",walk,,,
343,1000002,1528,,1,,0,,373.59641004939874,1,999999,2,0,11.2078923,999999,0.15,4,0,"LINESTRING (-122.419755 37.765176, -122.4193778 37.7618332)",walk,,,
344,1000004,1529,,1,,0,,603.9392984973906,1,999999,2,0,18.11817895,999999,0.15,4,0,"LINESTRING (-122.418518 37.752422, -122.418996 37.7578341)",walk,,,
345,1000002,1529,,1,,0,,820.0215883204978,1,999999,2,0,24.60064765,999999,0.15,4,0,"LINESTRING (-122.419755 37.765176, -122.418996 37.7578341)",walk,,,
346,1000002,1531,,1,,0,,535.6683595859142,1,999999,2,0,16.07005079,999999,0.15,4,0,"LINESTRING (-122.419755 37.765176, -122.4237834 37.7615686)",walk,,,
347,1000007,1545,,1,,0,,707.4710646836454,1,999999,2,0,21.22413194,999999,0.15,4,0,"LINESTRING (-122.44751 37.721758, -122.4411925 37.7256849)",walk,,,
348,1000029,1547,,1,,0,,923.7414615340299,1,999999,2,0,27.71224385,999999,0.15,4,0,"LINESTRING (-122.401642 37.789213, -122.3924125 37.7852562)",walk,,,
349,1000019,1547,,1,,0,,933.6833610687753,1,999999,2,0,28.01050083,999999,0.15,4,0,"LINESTRING (-122.39708 37.792789, -122.3924125 37.7852562)",walk,,,
350,1000019,1548,,1,,0,,729.2861532,1,999999,2,0,21.8785846,999999,0.15,4,0,"LINESTRING (-122.39708 37.792789, -122.3891967 37.7907617)",walk,,,
351,1000022,1549,,1,,0,,316.95493179852957,1,999999,2,0,9.508647954,999999,0.15,4,0,"LINESTRING (-122.433557 37.733269, -122.4333557 37.7304262)",walk,,,
352,1000019,1555,,1,,0,,635.9798754764354,1,999999,2,0,19.07939626,999999,0.15,4,0,"LINESTRING (-122.39708 37.792789, -122.4033562 37.7956249)",walk,,,
353,1000029,1555,,1,,0,,729.5246555237926,1,999999,2,0,21.88573967,999999,0.15,4,0,"LINESTRING (-122.401642 37.789213, -122.4033562 37.7956249)",walk,,,
354,1000029,1556,,1,,0,,860.6180888269049,1,999999,2,0,25.81854266,999999,0.15,4,0,"LINESTRING (-122.401642 37.789213, -122.4073658 37.7954828)",walk,,,
355,1000019,1556,,1,,0,,953.2049091142533,1,999999,2,0,28.59614727,999999,0.15,4,0,"LINESTRING (-122.39708 37.792789, -122.4073658 37.7954828)",walk,,,
356,1000029,1557,,1,,0,,204.03239319253203,1,999999,2,0,6.120971796,999999,0.15,4,0,"LINESTRING (-122.401642 37.789213, -122.4001079 37.7878384)",walk,,,
357,1000019,1557,,1,,0,,612.0957335671847,1,999999,2,0,18.36287201,999999,0.15,4,0,"LINESTRING (-122.39708 37.792789, -122.4001079 37.7878384)",walk,,,
358,1000038,1557,,1,,0,,732.4385050621255,1,999999,2,0,21.97315515,999999,0.15,4,0,"LINESTRING (-122.407387 37.784645, -122.4001079 37.7878384)",walk,,,
359,1000011,1558,,1,,0,,457.3211406521093,1,999999,2,0,13.71963422,999999,0.15,4,0,"LINESTRING (-122.413879 37.77945, -122.4166093 37.7829458)",walk,,,
360,1000038,1558,,1,,0,,833.1252546449441,1,999999,2,0,24.99375764,999999,0.15,4,0,"LINESTRING (-122.407387 37.784645, -122.4166093 37.7829458)",walk,,,
361,1000019,1559,,1,,0,,699.2639150006764,1,999999,2,0,20.97791745,999999,0.15,4,0,"LINESTRING (-122.39708 37.792789, -122.3906438 37.7891027)",walk,,,
362,1000029,1559,,1,,0,,967.6177497494248,1,999999,2,0,29.02853249,999999,0.15,4,0,"LINESTRING (-122.401642 37.789213, -122.3906438 37.7891027)",walk,,,
363,1000019,1562,,1,,0,,781.4085792015978,1,999999,2,0,23.44225738,999999,0.15,4,0,"LINESTRING (-122.39708 37.792789, -122.3910165 37.7876594)",walk,,,
364,1000029,1562,,1,,0,,950.6258776164801,1,999999,2,0,28.51877633,999999,0.15,4,0,"LINESTRING (-122.401642 37.789213, -122.3910165 37.7876594)",walk,,,
365,1000011,1564,,1,,0,,620.2137567342927,1,999999,2,0,18.6064127,999999,0.15,4,0,"LINESTRING (-122.413879 37.77945, -122.4192115 37.783094)",walk,,,
366,1000011,1565,,1,,0,,423.56149163746267,1,999999,2,0,12.70684475,999999,0.15,4,0,"LINESTRING (-122.413879 37.77945, -122.4149685 37.7831562)",walk,,,
367,1000038,1565,,1,,0,,687.2928712654532,1,999999,2,0,20.61878614,999999,0.15,4,0,"LINESTRING (-122.407387 37.784645, -122.4149685 37.7831562)",walk,,,
368,1000011,1566,,1,,0,,193.31487467369317,1,999999,2,0,5.79944624,999999,0.15,4,0,"LINESTRING (-122.413879 37.77945, -122.4117434 37.7798582)",walk,,,
369,1000038,1566,,1,,0,,656.3896421163197,1,999999,2,0,19.69168926,999999,0.15,4,0,"LINESTRING (-122.407387 37.784645, -122.4117434 37.7798582)",walk,,,
370,1000038,1570,,1,,0,,731.3655115201486,1,999999,2,0,21.94096535,999999,0.15,4,0,"LINESTRING (-122.407387 37.784645, -122.4155341 37.7859515)",walk,,,
371,1000011,1570,,1,,0,,738.2472164057494,1,999999,2,0,22.14741649,999999,0.15,4,0,"LINESTRING (-122.413879 37.77945, -122.4155341 37.7859515)",walk,,,
372,1000004,1573,,1,,0,,715.9854766097872,1,999999,2,0,21.4795643,999999,0.15,4,0,"LINESTRING (-122.418518 37.752422, -122.4233994 37.7575672)",walk,,,
373,1000002,1573,,1,,0,,905.6977342600206,1,999999,2,0,27.17093203,999999,0.15,4,0,"LINESTRING (-122.419755 37.765176, -122.4233994 37.7575672)",walk,,,
374,1000011,1577,,1,,0,,980.8837788896461,1,999999,2,0,29.42651337,999999,0.15,4,0,"LINESTRING (-122.413879 37.77945, -122.4184249 37.7874957)",walk,,,
375,1000011,1581,,1,,0,,757.9717444,1,999999,2,0,22.73915233,999999,0.15,4,0,"LINESTRING (-122.413879 37.77945, -122.4171743 37.7857412)",walk,,,
376,1000038,1581,,1,,0,,869.6639398413446,1,999999,2,0,26.0899182,999999,0.15,4,0,"LINESTRING (-122.407387 37.784645, -122.4171743 37.7857412)",walk,,,
377,1000002,1584,,1,,0,,562.7361457947698,1,999999,2,0,16.88208437,999999,0.15,4,0,"LINESTRING (-122.419755 37.765176, -122.4242369 37.7687818)",walk,,,
378,1000002,1589,,1,,0,,384.3265888872874,1,999999,2,0,11.52979767,999999,0.15,4,0,"LINESTRING (-122.419755 37.765176, -122.4240946 37.7647879)",walk,,,
379,1000044,1650,,1,,0,,841.6261654857854,1,999999,2,0,25.24878496,999999,0.15,4,0,"LINESTRING (-122.057158 37.634363, -122.0596257 37.6270595)",walk,,,
380,1000001,1659,,1,,0,,975.3587584454776,1,999999,2,0,29.26076275,999999,0.15,4,0,"LINESTRING (-122.271589 37.803471, -122.277268 37.7959455)",walk,,,
381,1000050,1663,,1,,0,,792.2704523960001,1,999999,2,0,23.76811357,999999,0.15,4,0,"LINESTRING (-122.295144 37.804923, -122.2889321 37.8100772)",walk,,,
382,1000003,1673,,1,,0,,951.5583052,1,999999,2,0,28.54674916,999999,0.15,4,0,"LINESTRING (-122.268722 37.80806, -122.2586656 37.8112134)",walk,,,
383,1000016,1703,,1,,0,,585.4751405904391,1,999999,2,0,17.56425422,999999,0.15,4,0,"LINESTRING (-122.268078 37.870117, -122.2695878 37.8752396)",walk,,,
384,1000030,1706,,1,,0,,399.6764359554907,1,999999,2,0,11.99029308,999999,0.15,4,0,"LINESTRING (-122.283508 37.874032, -122.2878171 37.8728828)",walk,,,
385,1000030,1707,,1,,0,,491.47631297785614,1,999999,2,0,14.74428939,999999,0.15,4,0,"LINESTRING (-122.283508 37.874032, -122.2779151 37.8740722)",walk,,,
386,1000016,1707,,1,,0,,970.0941387,1,999999,2,0,29.10282416,999999,0.15,4,0,"LINESTRING (-122.268078 37.870117, -122.2779151 37.8740722)",walk,,,
387,1000038,1708,,1,,0,,866.3776245420628,1,999999,2,0,25.99132874,999999,0.15,4,0,"LINESTRING (-122.407387 37.784645, -122.4139142 37.7904728)",walk,,,
388,1000015,1720,,1,,0,,807.0981595033076,1,999999,2,0,24.21294479,999999,0.15,4,0,"LINESTRING (-122.468994 37.706304, -122.4671038 37.7133984)",walk,,,
389,1000038,1726,,1,,0,,327.8468899627178,1,999999,2,0,9.835406699,999999,0.15,4,0,"LINESTRING (-122.407387 37.784645, -122.410746 37.7859203)",walk,,,
390,1000011,1726,,1,,0,,771.2121626953299,1,999999,2,0,23.13636488,999999,0.15,4,0,"LINESTRING (-122.413879 37.77945, -122.410746 37.7859203)",walk,,,
391,1000029,1726,,1,,0,,880.8091746614458,1,999999,2,0,26.42427524,999999,0.15,4,0,"LINESTRING (-122.401642 37.789213, -122.410746 37.7859203)",walk,,,
392,1000034,1800,,1,,0,,965.9403175367684,1,999999,2,0,28.97820953,999999,0.15,4,0,"LINESTRING (-121.889011 38.016873, -121.8993653 38.0139154)",walk,,,
393,1000007,1833,,1,,0,,881.6974873639806,1,999999,2,0,26.45092462,999999,0.15,4,0,"LINESTRING (-122.44751 37.721758, -122.4462246 37.7296129)",walk,,,
394,1000002,1846,,1,,0,,714.4589968349934,1,999999,2,0,21.43376991,999999,0.15,4,0,"LINESTRING (-122.419755 37.765176, -122.4124918 37.768044)",walk,,,
395,1000002,1866,,1,,0,,852.4137709359147,1,999999,2,0,25.57241313,999999,0.15,4,0,"LINESTRING (-122.419755 37.765176, -122.4294366 37.7649354)",walk,,,
396,1000004,1867,,1,,0,,67.52252562454174,1,999999,2,0,2.025675769,999999,0.15,4,0,"LINESTRING (-122.418518 37.752422, -122.4184134 37.7518211)",walk,,,
397,1000004,1868,,1,,0,,391.9374312298626,1,999999,2,0,11.75812294,999999,0.15,4,0,"LINESTRING (-122.418518 37.752422, -122.4228445 37.7515888)",walk,,,
398,1000022,1875,,1,,0,,926.3206285811647,1,999999,2,0,27.78961886,999999,0.15,4,0,"LINESTRING (-122.433557 37.733269, -122.4392771 37.7402533)",walk,,,
399,1000022,1876,,1,,0,,647.8132123508327,1,999999,2,0,19.43439637,999999,0.15,4,0,"LINESTRING (-122.433557 37.733269, -122.4291348 37.7379203)",walk,,,
400,1000004,1879,,1,,0,,726.3773041,1,999999,2,0,21.79131912,999999,0.15,4,0,"LINESTRING (-122.418518 37.752422, -122.4103787 37.751344)",walk,,,
401,1000014,1885,,1,,0,,788.6535875252017,1,999999,2,0,23.65960763,999999,0.15,4,0,"LINESTRING (-122.029126 37.973773, -122.0378047 37.9756138)",walk,,,
402,1000039,1896,,1,,0,,399.1049675334795,1,999999,2,0,11.97314903,999999,0.15,4,0,"LINESTRING (-122.353004 37.936795, -122.3518215 37.9402568)",walk,,,
403,1000039,1897,,1,,0,,944.3089980234591,1,999999,2,0,28.32926994,999999,0.15,4,0,"LINESTRING (-122.353004 37.936795, -122.3623529 37.9409897)",walk,,,
404,1000039,1898,,1,,0,,938.9824943739917,1,999999,2,0,28.16947483,999999,0.15,4,0,"LINESTRING (-122.353004 37.936795, -122.3629918 37.9337791)",walk,,,
405,1000017,1900,,1,,0,,757.6253150918667,1,999999,2,0,22.72875945,999999,0.15,4,0,"LINESTRING (-122.316868 37.925205, -122.3087345 37.9274762)",walk,,,
406,1000037,1911,,1,,0,,763.0405168211518,1,999999,2,0,22.8912155,999999,0.15,4,0,"LINESTRING (-122.298895 37.902633, -122.3022233 37.9089645)",walk,,,
407,1000037,1912,,1,,0,,87.87914815,1,999999,2,0,2.636374445,999999,0.15,4,0,"LINESTRING (-122.298895 37.902633, -122.2980729 37.9021831)",walk,,,
408,1000037,1913,,1,,0,,582.2892586479311,1,999999,2,0,17.46867776,999999,0.15,4,0,"LINESTRING (-122.298895 37.902633, -122.3052141 37.9010521)",walk,,,
409,1000037,1915,,1,,0,,709.9436003725858,1,999999,2,0,21.29830801,999999,0.15,4,0,"LINESTRING (-122.298895 37.902633, -122.2911565 37.904474)",walk,,,
410,1000014,1919,,1,,0,,927.1983158013807,1,999999,2,0,27.81594947,999999,0.15,4,0,"LINESTRING (-122.029126 37.973773, -122.0203707 37.9691106)",walk,,,
411,1000014,1920,,1,,0,,915.0930154971867,1,999999,2,0,27.45279046,999999,0.15,4,0,"LINESTRING (-122.029126 37.973773, -122.0346276 37.9667898)",walk,,,
412,1000034,1923,,1,,0,,644.8099653,1,999999,2,0,19.34429896,999999,0.15,4,0,"LINESTRING (-121.889011 38.016873, -121.8935623 38.0214223)",walk,,,